concepts [
473283002
18288009
213201002
124419000
39503004
13572006
230963001
193555008
0148311
5470004
058891
209004004
86814006
111942003
013561
12809001
247428002
013100
307486002
388226002
0234
366192002
077487
0134675
290159006
037187
425847000
51152000
709861002
700792002
0400
0137477
0119977
0108141
022011
0161795
63812005
443629002
0126224
0149935
308793001
079075
307019005
0112579
078299
705113004
0120260
0105094
052631
125461002
]
roles [
255234002
363705008
410675002
260507000
405814001
370132008
246454002
363699004
405815000
116676008
]
