concepts [
401572005
0104149
416902009
01604
428346000
19319001
291857001
170330007
62896003
0135966
427455003
279584000
703213009
291877008
248003003
117252000
0107337
57053004
166611006
116159008
408803000
278391008
090474
0148655
169952004
62946000
413809006
028616
31133004
223672001
414932003
387611005
440013005
23827009
018970
096159
402572008
091716
0159680
126239001
228193001
181480002
217546004
0157098
415282007
08332
704627000
306449008
244486005
5002000
]
roles [
116686009
408730004
363701004
370130000
424361007
47429007
609096000
363702006
408732007
410675002
]
