concepts [
429057009
117487002
234115007
444488009
42819002
442735001
060408
80288002
182141000
39473003
079078
028860
407969003
301639002
310987007
0175103
281872004
426186006
405742008
054853
027980
040705
0172504
276583007
413799006
174494006
117287000
111084009
214751003
0140573
028564
175029007
292792001
037976
108825009
469192000
245057009
015944
268549006
55456003
47052004
248409006
0174400
081018
0103445
0101810
078618
437789008
44181008
114956002
]
roles [
47429007
405815000
609096000
370133003
424244007
260870009
370132008
363713009
116676008
370129005
]
