concepts [
467556000
075101
0115831
256309005
052482
0174548
395918001
050756
67699001
242116005
0103326
055332
0137031
0153073
45954001
286528008
36269003
371950008
299173007
78653002
055503
098830
70089008
214092000
47195003
111443000
413422008
04741
047846
711152006
02772
083989
02248
106404007
315415004
165454002
387108008
440985008
273792002
07494
125701003
78077007
82423001
705316002
473391009
0136477
389011002
307119008
294916006
080395
]
roles [
260870009
246090004
246075003
363713009
363701004
246513007
408729009
425391005
42752001
272741003
]
