concepts [
411440004
0118309
416181000
0101613
011467
364822007
132181008
309108002
066360
133198001
174845004
366643009
409244001
301708006
203542005
037656
0132176
026274
0174809
019050
371341003
3575008
175346001
396705006
369311002
084945
0100364
177379002
27421000
707751009
0151267
133191007
0157277
162453003
0152884
276252007
0173401
0156043
362019005
698773003
117241006
08568
0137232
279760006
0102660
017701
066373
375561004
292577000
197127002
]
roles [
370130000
363698007
246075003
370132008
118171006
609096000
405814001
255234002
260507000
405813007
]
