concepts [
403893006
116844000
468292000
248801002
064015
0123889
231429003
0104679
699989003
0171233
075489
714361002
80168007
297423005
278009009
087668
58870009
279197009
0133570
414046001
386504005
438651005
276943009
0150569
373251009
65033000
0110320
254508003
09308
173574009
110473004
084429
873008
163671005
251562003
232372008
300325003
24114004
282205005
386729001
131908002
314188009
34688003
165782008
280819008
284452002
697985003
041771
029549
126127002
]
roles [
363702006
424361007
405815000
363698007
411116001
363710007
370135005
410675002
370130000
405816004
]
