concepts [
086293
034152
018104
91836006
277762005
95298009
440977004
285135001
05340
213133000
129265001
699859009
303639007
0116813
63921000119108
040760
440433004
096911
051267
114592005
364399002
19391002
015534
237596009
0168195
297960002
072449
441785007
0169851
428926002
02625
099378
084861
65374006
326516006
261474004
419151007
9392009
61370009
92465005
440962007
371836002
14734007
2360007
247535008
313885004
26738009
304709002
253800006
043886
]
roles [
424244007
116686009
363702006
363701004
424876005
118169006
263502005
363699004
609096000
408732007
]
