concepts [
703641001
385991005
95080002
919722731000087109
44745004
440622005
406925004
246563002
072361
273210008
55717008
71412006
229504000
0157505
084488
0151129
0112503
04799
51523009
388986005
129640007
424117007
93480006
224130005
035486
03617
226225000
010916
291868001
416471007
59266004
17237008
064921
392319005
4770005
022740
276274001
410351009
224186005
047438
46101000119101
01280
88191005
702573005
163548002
110448004
044108
0156422
1821000
07594
]
roles [
424876005
408732007
363589002
363713009
419066007
363700003
405816004
363701004
363699004
411116001
]
