concepts [
470572006
181767004
33708000
0144095
260022004
231199001
401300000
07445
705555002
019096
250621009
041740
223453008
0152968
333485001
080125
333770008
066205
438191007
076781
442357005
076592
0154979
459123002
011448
0134079
0164898
0109158
70725007
124041005
58287003
24181002
05866
51815003
041024
098651
440301007
305957008
398220006
072710
0131136
231842006
0151565
275836006
227422005
0124638
294902001
0149517
041825
85403009
]
roles [
370129005
418775008
363701004
116686009
424244007
408730004
127489000
246454002
363704007
370135005
]
