concepts [
83165006
95684005
0143495
056159
287785003
122490001
040752
04382
704023002
408242005
47060003
401439008
0146542
65320000
708866002
161120002
7099003
0112962
259526002
55379003
39320004
104413007
209772006
294012005
083469
113420003
262670001
0103262
709338005
24435008
269683001
0124963
714814006
284561004
031733
252308000
06984
470475006
242005001
057491
163987005
214414008
231317008
044917
017199
254718006
0150717
041758
213826002
012418
]
roles [
408732007
363704007
116676008
424226004
408729009
363589002
116686009
363700003
405815000
405816004
]
