concepts [
62350000
215031004
0173649
0150062
0174300
087655
13965000
305758007
447205003
085527
031109
363061005
699595008
273917002
132417006
15832007
113090004
0120636
56717001
0141080
168202009
0125749
098454
085390
262853006
194237006
441095006
709147009
410391007
236289000
79599002
117445004
236255001
029163
465561002
0111850
181278006
01796
78045009
466073000
360939004
467514004
0137589
446911002
256589007
216214008
430594008
405752007
388842004
31269002
]
roles [
424876005
363705008
418775008
116676008
118168003
408731000
272741003
405814001
260870009
405816004
]
