concepts [
057203
0154371
42676002
0118894
51258005
283030006
57414003
169425004
5991002
200938002
24205003
043881
47352005
164874007
241476005
4068005
395756007
271923004
375749009
231701000
217848007
0142309
260637001
445306000
0111662
256875007
263397009
289306008
466632000
0143274
430368000
015664
445579005
199662000
088199
403072007
27386009
025694
125386007
0101130
173317005
290365001
062949
050178
385137008
46662001
313194008
59734008
095802
080237
]
roles [
363700003
408730004
370133003
370129005
263502005
260686004
363699004
408729009
118168003
246075003
]
