concepts [
070040
114462003
25328006
228119003
295394006
057159
052000
172735006
083402
463199004
5148006
054748
0152383
287151008
298794009
0114014
414704003
0110643
133317002
097295
090847
301512003
0106750
224056000
373670005
236030003
0122517
245382003
50970007
35041008
03196
360812008
292652007
067602
298005009
047348
42646009
263739008
0155995
040450
0109273
077470
439473004
412510001
0162116
368391006
314272000
7972003
69431002
310151004
]
roles [
363704007
410675002
118169006
405814001
424226004
246454002
370129005
408731000
363700003
363698007
]
