concepts [
85494006
058628
0108100
0132757
48414007
0155271
024105
444011002
011114
448358007
426069002
469853005
447540003
013275
203712005
399626004
0164488
039502
93698000
420077005
0126656
0134508
091127
0160650
285905007
52981000
058925
036308
130191006
0150783
273288008
0101191
258514001
096847
050081
464053007
0124962
226140006
375882002
0107088
035015
13644009
08899
359639006
315120008
62907002
291973006
80118004
040581
043712
]
roles [
370132008
42752001
246513007
246093002
272741003
116686009
408732007
370130000
424226004
363704007
]
