concepts [
439692009
95940008
111684008
67518000
063586
260357007
034764
122443003
029486
218225007
53243005
03013
26401008
264805006
084557
299557006
27036008
321701007
433703005
6036000
072629
249319006
275380002
465315001
287031006
68595001
181103009
0146156
0107878
0152170
089751
93661001
9771006
21113009
077014
045119
08544
23241009
0127873
91879008
411580006
0160894
302763003
132042006
707322007
0124535
265670008
371890005
434376005
407163003
]
roles [
405816004
260686004
363713009
405814001
47429007
408730004
116676008
127489000
370131001
405813007
]
