concepts [
208927001
305957008
49102001
178020005
0115889
200658003
265429001
438995002
033312
047773
295176008
249759007
0101383
361208003
19303008
78791008
034419
253483002
50723001
0158222
047751
0146567
8911002
0102747
73511008
0168710
0151807
042850
83355007
086868
0127229
274522002
389236000
056486
278632009
375905001
445964006
422107003
64685008
427909005
275028003
210724006
60772006
74044000
421068006
49793008
409168003
24116002
095856
2191008
]
roles [
370130000
47429007
246454002
260686004
246075003
418775008
116676008
410675002
255234002
363714003
]
