concepts [
065753
0149102
386689009
094097
26886008
203171000
054276
5032008
405010009
109854005
040587
407563006
280085009
305882007
229750000
0115635
132445000
408452007
445733003
242444003
713736006
284742000
23121008
1090081000119102
714438003
464561007
56717001
0114914
280164007
0111704
053638
067811
0117378
04326
0149947
427631000
0113347
078348
304720002
0127645
421260005
58401002
43174007
296736004
11045000
0130589
0171200
121411001
024338
229201007
]
roles [
246075003
118169006
246093002
260870009
370131001
363705008
272741003
363714003
363589002
609096000
]
