concepts [
11372004
225078004
0170283
171425002
53689009
016490
18878003
374504004
285273008
0140224
294061007
437736007
91196007
230608009
050591
90751000119109
438137009
291927009
061718
022557
035167
374206001
53487003
699754008
055944
465776007
366421007
0118425
211789007
700245000
255031003
236738001
107167000
87326000
0113646
24686008
067277
361895004
0121803
0139845
0166842
86775007
052094
243628007
365410006
387363006
373188003
011224
283210001
41117000
]
roles [
363699004
255234002
47429007
405814001
263502005
260870009
408731000
116686009
246454002
363700003
]
