concepts [
111145002
117236003
258566005
49034008
288784001
421403008
088499
85896002
03153
278670008
704898004
223881005
701610007
308370005
0138515
709212008
098315
057391
0119390
013510
173309002
0106974
188725004
424602009
50270004
73116007
710248009
61087000
83857006
075474
0129549
292725008
168244003
286530005
011060
128349005
0140554
287385001
67382007
048610
233889001
232908004
091604
0146038
231112006
032259
0100281
03270
038013
084460
]
roles [
246454002
363703001
363705008
246075003
408730004
127489000
363700003
609096000
408732007
118171006
]
