concepts [
2004005
01653
0137707
0115954
44837002
0145301
040184
422384001
267626000
0144459
308066006
046142
369150006
297070003
312113007
87294007
063285
057660
027174
0141823
422111009
0141922
430630008
234014009
259190007
445469005
53191002
177278007
28761001
709730000
472786003
103868007
264698002
74884005
609124007
437750002
95689000
93716006
432706006
34368007
82468009
0132150
72218009
04119
8188000
366517003
305760009
013529
388244005
246868003
]
roles [
405815000
363699004
370135005
609096000
405813007
118171006
370133003
363698007
408731000
363713009
]
