concepts [
0129743
0134597
242095006
0166474
408334006
472834000
078683
4333004
707260000
62204001
304444001
71751002
09987
026538
199925004
075176
368621007
0114098
089184
0129299
0156453
014606
315563003
108535009
082459
458004003
023329
252726004
233289005
53438000
0793
29935003
0111717
0131068
166459001
098557
313328009
190603003
1963002
29282000
258882003
291886003
362863002
424814003
3681000146109
377322007
405438009
0116356
179147006
159263006
]
roles [
424244007
363700003
116676008
246093002
47429007
42752001
370131001
370135005
370129005
408731000
]
