concepts [
185892004
346569002
129060000
254715009
050263
386837002
123535000
217585006
060173
388692001
019188
370902001
159533003
61719002
252097006
0148406
84994007
62309008
325067006
413459009
078179
315196008
702242005
08430
0124368
401066000
270609009
164349003
283301006
319455007
213996007
262854000
0120492
82142008
072900
67865002
060688
094017
312678005
038695
470027009
02747
164234009
10511006
433938000
0128592
0155194
305044003
168723004
398906006
]
roles [
424244007
116686009
408732007
118171006
410675002
118169006
127489000
263502005
408729009
363700003
]
