concepts [
0153118
041731
37722001
0158239
028909
043367
437747000
0126734
43426004
096196
281087005
0170941
424565002
293671002
311717000
299080007
704658004
0165364
118557008
240461007
0138142
167299009
449466007
0173712
309967005
272099008
296532000
407530004
432438002
310080006
048209
06296
469872005
80034003
255203001
326064008
286758004
106921006
305604009
324076005
026574
714681005
025151
54388004
469226002
093925
014627
090622
0161229
056633
]
roles [
419066007
410675002
609096000
246513007
246454002
255234002
263502005
424361007
363698007
363713009
]
