concepts [
58354000
030885
030601
0171732
699594007
304016006
38534008
059586
02596
388499004
075737
429041009
0157604
353677009
0111602
83495005
060113
245706004
705059000
020344
050657
17821008
214444006
257204008
440957006
256410001
067220
072162
270910001
8138008
017831
14176005
232285008
391536000
15772006
354067001
709656002
61371008
0117066
130728004
311620004
0105919
353386005
0139918
092877
122730004
359575000
0135778
182039004
0113752
]
roles [
408732007
246093002
405813007
363703001
609096000
42752001
47429007
363698007
419066007
408731000
]
