concepts [
427632007
060310
213913000
20245001
078670
54983001
246592003
445228003
0112250
420632009
230292008
298900001
197012004
250014008
0138746
202587000
051842
241417005
0103748
124402002
0165361
426199009
030051
2748008
431588009
211555008
028237
0139388
248808008
04011
0160035
073870
424848002
040803
0157637
241783002
022789
0144019
68330008
404221001
431036006
44571003
422645003
419758009
02812
226090007
0155467
276858000
064952
709592008
]
roles [
116686009
363713009
363704007
246454002
408731000
418775008
419066007
246513007
118170007
272741003
]
