concepts [
443959005
0137512
304634006
131023009
372294007
0150636
0107550
448782004
421043009
258172002
62107003
413431008
0102233
419008005
93801000
0167239
229839006
092018
122566000
072846
0163401
042429
286449007
466157009
239443005
442225006
802004
63838005
211731001
377398003
447791003
311027002
50313007
037682
12538008
300011006
265407000
700898007
470555004
09291
310481001
458058007
082998
89604000
0114366
012202
0130900
36789003
702379005
245770009
]
roles [
408729009
405814001
116686009
363702006
363704007
363713009
405815000
246513007
410675002
246090004
]
