concepts [
445393004
369342007
056981
0127995
705588009
031251
59000001
12118001
065928
230504002
031926
264534009
608824002
314197008
115426007
030082
360948009
0113776
703596001
0135203
6051009
232522007
012357
442378008
43065007
087608
712878002
464682007
250171008
277421000
19689002
041040
433878006
0121686
297955001
071095
465874000
360997000
49960007
701566003
106766006
037205
128825002
64419002
273254002
16658002
132765006
22732008
208082008
031513
]
roles [
363589002
424361007
419066007
263502005
246075003
408731000
418775008
425391005
118170007
410675002
]
