concepts [
312655004
051158
239018005
0135588
050500
06293
1086291000119109
265746002
361173000
022405
285462004
160310007
028118
038145
045701
055342
0144785
438042003
711470004
291004003
0141962
055953
048319
371586004
46274009
397941008
51501005
83005005
181501003
024477
226811006
044115
94636007
304001008
84231005
708488006
0173083
013855
0154942
0151245
83494009
169942003
131149001
242959001
0153772
230633007
035539
56110009
07607
0137675
]
roles [
410675002
405815000
363713009
424361007
405816004
118170007
47429007
118168003
363589002
370131001
]
