concepts [
059328
0147520
0174598
200629001
088648
0170919
300346007
0131357
039211
023225
408345009
0155485
405539004
033665
216961002
0159763
095802
702680002
68598004
046608
462442006
231507004
0145233
0159539
56064009
51768004
20012006
0139072
061979
249600006
0116267
078803
46727001
370280001
88467008
93023000
047568
039781
215511006
046841
170731009
247491004
014905
0159396
09899
088216
23890000
125366008
39246002
366629004
]
roles [
363703001
411116001
370132008
408732007
609096000
363698007
260686004
246093002
42752001
118171006
]
