concepts [
374450003
248618001
069205
170796001
251614000
0123539
446492004
118941004
42085001
370829007
054275
0141944
0109987
019909
079108
36069006
074066
056406
09577
242746000
312952004
089336
236504007
249172003
288191008
256309005
0456
098900
11450002
362381006
297910008
238644003
234367000
128306009
26710001
65747008
413313008
034434
0127693
93681000
0165545
44076002
203280005
0141409
0131930
700537009
410262006
6623004
0161621
280707006
]
roles [
255234002
410675002
272741003
370132008
370131001
118171006
363589002
370129005
246075003
411116001
]
