concepts [
0158222
215201000
16194002
704080002
170696005
227196006
0137094
59721000119100
133303006
346358004
072024
714261004
443580006
098930
245437003
173402005
0124821
184915008
0110409
0113301
109834009
061025
0110246
0133716
170848008
160281003
115000007
0143029
0126822
224781007
14872005
302531007
05808
063611
0136726
0138385
388520009
414442008
061216
82007007
418763003
386955005
130725001
369054004
08975
34720004
182448002
277819004
93648001
032108
]
roles [
246093002
363713009
424226004
260686004
424876005
363699004
272741003
609096000
370131001
246090004
]
