concepts [
239317005
0121830
413026001
0113729
0102936
704773007
234787002
262324002
75883005
084449
702739003
216520005
75364009
279997008
365570000
12616003
248217000
0173571
056561
132944005
121951000119101
467952006
230793002
371585000
0142998
448575000
296651003
013003
420842009
704110007
280837009
0120426
293618002
710536007
021217
398783009
31012006
313367003
17388009
018755
262452007
400162006
234965004
287815004
89484009
9128006
062116
365759009
297884009
247508004
]
roles [
363714003
255234002
116686009
116676008
609096000
363710007
246513007
424244007
370133003
246093002
]
