concepts [
296789003
83347000
428358000
029327
250722009
132871006
274214008
264243004
411629002
0137810
704583008
279258005
098710
92535002
288384004
86318000
467496001
105808006
116897006
240888006
429341003
114981004
431623007
224791001
021793
107496008
082961
076340
62502003
240162005
014892
0121284
0152203
445138001
2641000124101
363915008
292122000
091007
184741000119107
022844
271225003
078245
48941009
0109630
066734
286870008
0135046
011
02401
445099008
]
roles [
363705008
116686009
246093002
370130000
419066007
405816004
47429007
363709002
370135005
424244007
]
