concepts [
47273008
0108632
020175
203199009
036180
22821003
69983001
047965
0145794
0174286
427643004
037379
040874
119686008
431391008
70088000
132163005
280089003
70548000
77723003
170526005
61089002
07087
164423009
0175030
280346006
076888
193206003
024388
704255005
50363002
083111
95705001
438096004
409709004
423260003
0161138
431694008
061234
318776005
467892009
470586005
129924007
0172731
0109660
89304008
021923
422816002
023328
413568008
]
roles [
363701004
246075003
363705008
363700003
405816004
424876005
363698007
425391005
363713009
408730004
]
