concepts [
392397008
426354006
0146031
290239003
368414001
55753005
34066002
426281009
080767
0102384
037520
065763
2181000124102
427577001
61205003
0148666
1346008
105150008
280189001
90020001
0102270
295862005
85706002
23874000
0158291
012588
700021006
706731002
52514008
013765
403494007
31159001
445093009
124059008
425667006
278240007
369772003
0153596
0159338
71653005
030506
0136830
89774007
285557003
117078000
705861008
391879005
040399
271064007
214667002
]
roles [
370129005
363704007
263502005
424226004
418775008
47429007
363700003
419066007
370131001
405816004
]
