concepts [
038654
288592007
0162890
44666001
296226006
245048003
0137375
93801000
293065009
0684
52144000
473137000
0121499
466182009
704063001
097429
197230002
256366000
57064001
23788009
707060006
018492
0126625
265483003
120825001
248997005
076179
112546008
074370
18820007
028634
0119061
410409001
462782000
448944002
0105879
256674009
01539
93087002
63302006
297508003
15234000
65538003
397741002
108111000119103
361376000
083132
269901000
105074008
0144930
]
roles [
424361007
260870009
370132008
363701004
363709002
405815000
116676008
246454002
419066007
116686009
]
