concepts [
430322003
0160936
194290005
258055007
062720
23029008
208340001
114390003
242111000
418123008
276709006
0107320
396465005
60725006
289404005
131515002
17954009
133696003
282378006
444947004
39976000
130436007
089224
243107002
307965005
0118788
0121936
85401006
106204005
0132905
467330006
232789003
064813
0146395
24330002
0139061
30807003
096262
0161963
0150097
074379
434243008
329225003
277897001
712614007
254454009
040335
449861008
0127905
062400
]
roles [
424876005
405815000
246075003
370132008
260870009
363703001
116676008
363710007
246454002
370130000
]
