concepts [
704720007
0105025
0114992
4883001
264283007
089867
437750002
036021
418260004
0141118
229175005
264959005
0148428
709657006
019531
401421004
297842001
0160361
210368005
203605009
034261
698483000
427660009
084304
470179007
058319
465547007
420960008
023035
0109031
0157530
211053006
126255008
080042
291059004
041246
391990004
77911002
070390
0158200
73196006
010400
224635001
13610002
246207004
61822009
044452
405810005
365762007
162782003
]
roles [
246454002
363714003
363703001
363589002
260870009
363713009
47429007
370130000
408729009
246093002
]
