concepts [
079911
441170007
448962006
186787004
4816004
241032008
043733
83374004
249730007
74321007
081484
110364008
012933
430047005
0107188
0123154
0154392
097326
257434000
35624005
359641007
0156725
21459002
064025
437824007
212293004
385921001
350436004
172613008
0102103
58906003
159800001
463157000
241558000
285761007
50840003
80738009
347106006
0146443
386392002
64571000119104
0129711
015149
132566005
0127465
055501
0143307
470506008
10024003
0149890
]
roles [
363714003
363710007
363703001
424244007
405815000
363702006
424361007
370130000
246075003
363709002
]
