concepts [
065667
286402008
056229
062851
061467
298737004
0153477
26592005
701894001
041257
360142009
710326000
083699
0145113
406089009
088639
193293002
179790000
0139794
020975
070351
0110074
446349005
0124863
040294
0109426
162864005
349856007
347214009
285578000
0154966
0103629
0155942
0132754
035769
59734008
052639
175292000
59145000
40695002
0161632
419977003
08204
1193009
414733002
0114470
403395007
74101002
078099
78516000
]
roles [
118169006
419066007
127489000
408730004
424244007
370132008
116676008
363704007
118171006
255234002
]
