concepts [
71470006
82902004
93017005
64277006
283659005
0142837
036210
61254005
305357000
711513006
050207
203590003
215853001
279086006
0125424
104657002
065054
014788
225334002
081548
071976
53271004
088612
429120001
03412
43640009
056545
243541000
27654008
401748002
021823
2664007
91570002
0117292
399471000
161122005
253771003
281198008
13819004
071192
038560
029905
238952003
0139374
273168003
42973007
120802002
096155
315378009
25684004
]
roles [
408732007
127489000
418775008
363698007
363709002
410675002
42752001
363704007
609096000
408729009
]
