concepts [
89293008
159297004
304689009
427523000
086499
251701006
106354002
108952000
0111690
399787001
0136199
286561001
34662001
107739004
704299001
244520003
392566005
230214005
0137656
304592003
84271000
0117217
254864005
280411004
195834004
064363
0143956
243255007
0145956
0106236
20964003
324434009
097641
30934001
0162623
129380009
24408004
210956006
304646005
071423
56758008
300131008
714656007
289783000
132113000
287668008
0109571
39255004
309698005
0796
]
roles [
370131001
116686009
260507000
419066007
363699004
363704007
363698007
424876005
408732007
118170007
]
