concepts [
0149378
092343
0112824
420005003
0101072
125116007
204849002
420527001
313875000
0165316
089153
024946
07589
0168276
0150489
130908008
0138043
223444001
387039007
62631009
0107143
469129001
46492003
284916008
128882001
15887011000119107
0111350
032110
386101005
60328005
089822
391253008
132097001
368286007
08385
06964
138141000119108
039730
03915
466831009
015194
70725007
437747000
06442
60424006
242089005
79997005
011572
313017000
409404005
]
roles [
363702006
370129005
363710007
424226004
411116001
118169006
609096000
118168003
246075003
405815000
]
