concepts [
0100677
019634
258242000
254783008
4633009
432610003
031708
368125004
124701005
163429004
109389001
404184004
333989001
57896008
042225
04808
289216002
01818
172295005
130277008
59591000
349946007
291127008
346535003
40884005
095507
034531
164660003
91361004
5331006
094404
431110001
52858001
0158723
29413002
25442002
0250
063677
301394002
296241000119107
0108081
114077002
13741009
095818
025066
081363
262212007
406689005
430987002
0137189
]
roles [
408730004
405814001
363714003
408731000
260507000
116676008
363704007
363710007
418775008
363701004
]
