concepts [
178463000
085275
25794004
080509
099160
465554001
59036003
93216007
0168733
389204007
086849
120931002
385431002
224600003
277929005
010203
412312005
017356
704715007
117515004
05483
217260003
058907
097486
713921004
290289006
316949009
74193008
0103035
0161371
396763002
439703002
296443006
215212000
0169451
59679000
01361
032996
713423005
439620007
243712007
301456001
309264007
438276000
0126222
0163809
80230003
32333006
65523004
088658
]
roles [
418775008
370133003
408730004
118168003
263502005
363713009
118169006
408732007
424244007
363714003
]
