concepts [
016811
279480006
17078001
75718002
242940003
0164230
07729
0133627
040569
400499001
27965000
172071000
429527006
41626001
326998001
0175045
071226
400624009
449362005
84346001
0157713
0156638
404571002
0169118
129585003
039463
48375000
227757007
247815003
0135224
0147004
11860003
465835007
22039006
282722008
288549002
254498009
134603008
049244
444873005
427174003
303101003
232494004
0134063
374349002
418839003
0174269
065667
333452009
80599001
]
roles [
408730004
370130000
419066007
370132008
363700003
255234002
263502005
370129005
42752001
118169006
]
