concepts [
432735003
074690
0169150
43523005
01070
409906003
0163658
061908
40168006
072841
426838002
081983
124319004
79821001
053052
078431
370436003
263061006
119830005
259970002
0151410
292190002
03754
10675551000119104
0121546
0984
162004006
291903007
025630
192016008
299820009
464263009
240657005
284954008
071057
8818009
0165403
10633002
298106008
704508001
31117002
085706
21358009
443416007
295622009
287331001
365729004
02000
239992008
5674004
]
roles [
418775008
363710007
408729009
363699004
260507000
424226004
363702006
424361007
363698007
370135005
]
