concepts [
2523007
160588008
363502009
246443007
178755000
153491000119103
0108898
95881004
0148358
282476009
0126660
34726005
050133
415377003
115030004
396235003
0164757
219418008
0169964
0170042
224062005
401227003
0126526
0169606
019577
61860000
162551004
029997
246893001
236708007
297306000
048004
018263
459053006
40023000
085234
230872008
042601
034937
0144062
28767002
370337008
385341003
010818
241423000
0146127
305599003
401697002
411360006
368044009
]
roles [
363700003
408730004
118168003
408731000
260507000
363702006
42752001
47429007
370133003
424876005
]
