concepts [
408858002
82187007
405311001
054413
0124714
087814
77703004
385831007
19740002
251343002
82668000
0106840
233558007
05781
266963001
243903002
09965
251108006
0165014
244302006
439595002
019987
711085001
0143445
430534005
300291001
1531000
64344009
444558002
289162002
290531001
37342008
396268005
0142624
445584004
229598006
242236001
62376000
405841006
402809007
286768009
0127217
0131593
311657005
225888002
230598008
055121
104097003
49133004
093698
]
roles [
116686009
363702006
425391005
424226004
419066007
255234002
411116001
42752001
246093002
370133003
]
