concepts [
068373
208597003
709586002
0115739
081806
056137
04912
048342
273008004
0107392
15459006
397971000
292528008
075204
61776000
131717007
414797004
709354008
10625751000119106
309457007
12445005
126913006
038512
0170646
261813006
195272002
398663003
0111152
66654002
124678007
031642
0161738
107314006
309035009
098565
0157464
115620009
387428002
304974002
49301004
463487002
203047009
609552005
103952002
06340
293448007
0129501
015118
164381007
371064006
]
roles [
118168003
370132008
363705008
118171006
408731000
363701004
405816004
363699004
411116001
370133003
]
