concepts [
8321000146105
042934
409346002
315083005
254048001
216177002
439031003
0170259
296923009
240211000
246606004
81426006
225924002
459172009
062851
107219004
33594008
129161000119100
079209
264695004
64560007
197060001
41469002
087762
228805000
24523007
291955008
055058
0165407
19753004
096643
0116450
49607006
21994003
609135002
319099005
230025007
045636
283084009
239993003
0101716
109943004
431259009
0161309
086058
039174
021862
058522
322117009
387807001
]
roles [
408729009
246513007
424876005
118170007
116686009
609096000
411116001
370129005
418775008
370135005
]
