concepts [
276060002
217925001
0160981
469192000
098975
318849001
449128004
036167
247906006
103397002
0126724
077211
017750
032907
297257004
020375
418140004
406359009
030170
048634
0112804
046978
0161728
385165005
1535009
0158290
083761
73354002
708916007
058268
0134379
181363002
074081
0139437
21840007
414715008
115671006
028527
0116178
036255
62054001
0151234
05724
0117065
01458
438027001
02856
298692000
0125279
385863001
]
roles [
410675002
363709002
363704007
255234002
118168003
419066007
405816004
118170007
246513007
118169006
]
