concepts [
94115006
0136650
420110001
162719003
0165865
0163640
438564001
366032002
088065
442414004
5430006
216387006
0172656
17932007
369539000
290080002
68030001
412543002
403893006
06782
709064009
700120009
45022008
08860
377250009
023851
107240003
439149000
0145908
86211008
070802
438384003
369344008
097568
422834003
0118888
128612007
268934006
092139
0160792
386396004
247336005
282935007
388109002
068588
74553002
447803000
411259004
037443
183232006
]
roles [
363709002
363701004
408731000
363710007
263502005
260686004
424226004
118170007
363705008
424244007
]
