concepts [
701627004
31788005
132749005
0166412
302693002
332330006
117115006
235294007
160853002
50813003
414510000
107538009
465435004
031277
35606008
78370002
050828
0154967
24036003
0167950
074056
400313000
070203
228671005
0168064
093524
409295004
372174009
107148004
065498
290249000
402384009
30278004
409975003
425638005
0142609
161874006
431995006
0108454
0126580
123660008
248335006
062132
014647
82537007
08833
401557006
068531
76028007
305375004
]
roles [
424361007
405813007
363702006
370133003
363714003
246090004
419066007
118170007
363589002
418775008
]
