concepts [
282373002
235731000
0136050
301833004
243007004
228979009
234066000
71732008
45410002
228893003
162031009
041629
01130
029534
096527
0154913
056182
71981002
206506005
437852003
244015008
39378008
373440006
106534004
012244
0123484
248904006
699534009
17651004
092206
371540001
296231008
402954007
264761007
1311000
265198007
029561
26719000
0139806
054781
230334008
698498003
286013004
0133116
123933003
276742007
29013009
053900
132383000
039999
]
roles [
405816004
363710007
363704007
260870009
246090004
363703001
405815000
260686004
118171006
255234002
]
