concepts [
082983
274767007
0151216
421659008
468374006
051455
013038
117376006
0114747
059606
411139007
360791008
431644007
0131234
86095007
285871003
256272003
095884
098393
298755008
289129005
019332
17693003
052968
232003005
71185007
178703001
289066002
096457
0162960
03856
095672
224144004
7112005
422273006
062402
3716002
433469005
103990008
018290
072556
03187
0110057
375205006
0103166
033738
183691007
56027003
058884
0119822
]
roles [
363700003
363589002
419066007
363702006
246090004
118168003
363704007
410675002
363699004
370133003
]
