concepts [
0149259
710350003
030230
410139000
78727000
2494005
81893003
0162987
413014006
050247
069853
203020004
409947000
49197001
703275009
0138568
438590003
420596004
466961002
389099004
239043004
446952006
713986007
329504004
81810001
088600
24116002
078424
385221006
313725005
0153878
414812003
117384005
54448005
43221006
0151962
051435
134275009
700368007
464578003
395923001
110770000
703263004
705771004
258052005
1592005
216082006
275089008
0102966
428574006
]
roles [
363699004
408730004
127489000
363713009
118169006
410675002
118171006
42752001
363709002
363698007
]
