concepts [
041441
4768001
010971
405169000
0135360
86311006
131461000
0132679
073334
706216007
084726
0137420
104172004
0157387
0111878
310292003
046935
0146075
63299006
359789008
72053008
247373008
254460009
62531004
70925003
016138
117101009
020441
401989006
67543006
094818
056838
046221
309018005
119669002
217186001
111805009
703348000
194268005
362717004
224263005
08510
120881000119106
230777006
69391004
363061005
0161999
225654005
15172001
51086006
]
roles [
363702006
118171006
363709002
405813007
419066007
118168003
255234002
363713009
42752001
370129005
]
