concepts [
81387001
395432007
244943002
371674008
374180000
61483006
318368005
366149007
058230
036832
0141768
432795000
54120001
0145671
415453008
374463009
016936
47506002
131076004
089508
096684
71309007
286795004
090640
385733000
57056007
029744
129102008
299839004
265801006
423166000
0117212
028404
088581
284208008
376240004
172637008
81969007
288122006
14913008
94783002
294696008
14533003
91109007
086691
04218
46690002
087826
22040008
711295001
]
roles [
609096000
118168003
370133003
408732007
246093002
42752001
363698007
405814001
260686004
370132008
]
