concepts [
262016004
099287
408518007
215598001
432683007
17238003
127025000
015914
0169192
051897
242774005
088703
0174714
17084003
16215051000119107
349860005
114551001
093386
710830005
0125449
36068003
370588007
279880001
0154305
256165006
299233007
087672
96375007
0113100
029124
92358003
73394000
054395
159766002
060576
465445002
01480
010536
413193001
0102806
39764005
242440007
4088009
010138
037695
56263008
90638002
0149181
0132605
433775002
]
roles [
127489000
116686009
419066007
405814001
118171006
405815000
370132008
363700003
42752001
246075003
]
