concepts [
440806006
369680002
283384001
061922
035614
289143000
247412007
39940001
048596
063966
416325004
0131954
287765002
359980002
0116845
128857001
0170179
701508000
063902
088203
40381009
703570003
446085000
265189009
118078003
045923
088398
398152000
0100623
301994007
44863007
061856
273743008
0119730
467409001
82899002
52146003
387398009
025133
0109507
073094
372228002
91441000119109
04387
052079
293758007
0112517
59259000
441234003
82515000
]
roles [
425391005
405815000
410675002
419066007
47429007
260507000
424361007
127489000
424244007
246090004
]
