concepts [
428226007
271441000
034818
385974006
54566003
399640003
242260002
045508
0166059
70684004
269129003
176107000
075
79664006
235391001
69288002
113774008
158933003
0134687
107481009
236709004
281614005
439727000
034235
433095002
53710007
244633003
0120012
111581008
712995009
052774
254838004
017624
253169007
270840000
067577
441898007
248288003
028678
159899007
0174377
69474004
0173267
0156309
206506005
063637
159804005
52371007
279324004
0106480
]
roles [
410675002
363589002
363710007
118170007
424361007
424244007
263502005
370130000
370135005
260870009
]
