concepts [
25296001
226415008
014377
0143222
0148551
0108138
289758000
263198009
364433004
0162106
41473004
90963000
404492000
16209291000119109
170009009
5833002
103886005
113458004
057392
24172008
017314
252088007
217123007
0145728
153951000119103
159831008
34259007
031244
103614000
0172128
107579005
128807009
67189007
6108008
364291002
131840004
013935
298253002
465410005
439145006
702531002
082980
247023000
223766007
063799
118450008
245930009
3789000
442481002
132044007
]
roles [
370133003
127489000
370129005
118171006
363589002
118168003
363710007
246513007
363713009
363698007
]
