concepts [
079081
230055000
0161605
069311
0128810
068857
182449005
0100798
237352005
361770008
366721008
437749002
362647008
0104180
183659006
121930009
40563005
193741003
071278
427924001
082671
420935008
77280002
033965
392495004
251755005
073016
702142002
0129318
0167327
0151482
83781008
0110836
37316008
026263
071139
0155182
714430005
090243
125409002
278336001
059078
242477004
292216001
429706004
070659
0110370
2865005
14224004
42233006
]
roles [
370135005
363699004
363698007
118168003
363705008
411116001
405813007
418775008
42752001
370132008
]
