concepts [
160325007
094853
29219000
294737006
18776008
374342006
067193
187865009
053380
252298007
074634
037620
0163947
104652008
020691
431377002
021700
237890006
411498007
87990008
127885001
252480006
42133000
30375003
0162764
396328009
126631000119108
033227
329756005
237042003
77014007
426014000
448011006
385735007
46762006
293534005
16301006
374088009
066115
0139061
707454002
280565002
01002
406350008
365653004
64523008
312619007
448539002
249309000
264746006
]
roles [
405814001
363714003
118169006
418775008
405816004
363702006
363701004
363705008
255234002
425391005
]
