concepts [
447875008
252970001
210554004
86006001
257839001
0154776
408521009
190277005
467352002
28273000
211709009
69737004
429385001
6073002
429727009
013683
0117934
126773005
53779003
703563003
80436007
264009004
260478009
257898007
310810003
0128210
291040001
2039005
064454
225559007
419269008
4435007
432141003
256272003
028361
239201001
241833002
0162767
179021004
122680002
032055
226196004
50184001
0142387
412945000
308185007
48096001
255195007
28920007
356629001
]
roles [
405816004
419066007
363704007
255234002
363700003
370135005
363703001
363710007
405814001
263502005
]
