concepts [
216518007
458059004
022803
219375003
89033003
312441003
083301
0147122
0116266
242885003
297420008
0119106
45871004
021885
269165008
124419000
87095001
384674003
417548001
38744008
135806009
419575000
171309006
0152005
114926006
0108298
0106503
25355002
443590003
204005000
128653004
699410001
0148274
434096008
0104814
0112211
387349000
0169114
0149870
81919004
275767003
8257005
405629002
429408002
28791000119105
14213001
076080
0110055
13440006
079225
]
roles [
118170007
408732007
118169006
405816004
363704007
363589002
246093002
405813007
246090004
363702006
]
