concepts [
0142516
282763002
090248
245890005
268219005
0167229
053406
0118348
447882007
295839008
442484005
079078
23636005
76999009
050615
95136000
56871000
465753009
32579002
85575004
109512002
283238009
431927005
427913003
173812005
253670007
0132700
08701
365646008
277656005
018121
710884008
228064004
0123179
20633003
228075000
085999
0164123
120035008
0159106
346526005
242693000
103073000
03103
27497008
067860
182003005
0157216
0169037
042090
]
roles [
419066007
411116001
363710007
263502005
246090004
405815000
118169006
47429007
246454002
246513007
]
