concepts [
324412007
40337001
0103699
62367007
54729007
365159001
0144782
098726
039133
424868008
24462000
37862009
0135888
102385008
711157000
105220006
231207000
198057005
385528001
251132004
0148076
030397
713633006
17228008
086651
0151738
27493007
423332003
0138881
056937
254432007
0101218
172352008
130135000
068108
0144252
084473
95774001
017213
310101009
292356002
0161893
0174423
133320005
399490008
30109002
018114
033810
116988008
0139612
]
roles [
424226004
363702006
116686009
418775008
408732007
363714003
370135005
118168003
260507000
42752001
]
