concepts [
700326007
102921008
0167829
0145064
33020000
312881002
82530009
0162537
0108991
0119447
0153606
50180005
0160906
0159585
2504000
061194
80393001
262098004
20090002
233203008
0152567
306753009
68653001
227758002
400083002
91020005
093580
430057006
010612
90046002
447264001
097230
411939006
223837002
442988003
0152533
0153645
020396
031044
307272003
421186007
84581000
430417004
253564006
373537008
698752003
217676001
074280
025440
0108025
]
roles [
363700003
363713009
127489000
408730004
116676008
370132008
118170007
405814001
411116001
246090004
]
