concepts [
234795003
030029
063880
87089002
420965003
134352000
14967002
291484008
465009007
083135
124002
199526007
429906007
046751
300894000
0171334
424196004
418171008
273113002
312151007
33501008
93265002
106452002
238661000
0142013
84596001
083185
102580004
0119278
279270009
710724004
015123
052226
259214006
034063
091928
126728003
119234009
56275003
0172342
466129002
069751
15521000
0132988
416616001
432246004
060449
74683002
464663003
058893
]
roles [
47429007
408730004
405816004
263502005
246075003
118171006
116676008
411116001
363713009
118169006
]
