concepts [
0120409
698218000
47696003
211598007
86170008
0128366
211146000
097425
39546001
86173005
071720
95524000
0115764
192664000
426425001
526005
019140
63341008
66315005
386659002
39560004
051214
040513
036279
04908
09517
46841000
046431
103268003
14253003
38554009
130353004
431370000
315186004
55937004
182958006
74992002
449531007
245661002
092271
278447007
179667003
0124471
0168361
037001
050038
0132650
0121935
235564002
406149000
]
roles [
363705008
363703001
363704007
408732007
424361007
260870009
405816004
363700003
47429007
255234002
]
