concepts [
712998006
0101849
0109620
448887003
056817
049979
317346002
0104120
707543009
153319009
711027007
67624004
243730000
376710000
254820002
403275004
060794
277592004
0133021
092752
0165363
216648004
244658008
16215851000119100
245861004
042892
0163751
56873002
404834008
077659
190685007
0121043
710144001
214745008
434813000
698488009
348576000
0112849
104997001
064584
388936004
0168927
49722008
0155867
274860000
75752004
81653003
431131003
276101003
226006008
]
roles [
363699004
363589002
410675002
118170007
408729009
609096000
363713009
418775008
246454002
127489000
]
