concepts [
6977003
0117027
51758009
701666007
092916
0101879
246752002
701770009
318624002
10567003
277652007
0119575
51993007
011822
708688004
07260
032281
10297007
032663
297668006
0140061
0134278
011363
024633
121600003
465248003
47876008
093611
429966005
055306
111615001
449655007
406215002
443769009
159786003
120879005
29075009
95485003
706906006
272980001
050006
028820
179963002
62065006
01408
330797000
0155503
069330
304858008
039718
]
roles [
370129005
363704007
246093002
118169006
263502005
408732007
363699004
42752001
363701004
405814001
]
