concepts [
0103785
0140740
089427
449571002
036050
26657008
10640831000119104
0144154
78239007
049275
294956008
396563000
468505007
698281001
303280009
472854004
14635002
447971000
79116001
0131739
098589
064345
02954
66732006
0116232
18387002
39942009
75255001
062477
0140262
0171542
079296
0150818
16593004
0132257
24650007
056856
368836008
714290005
6519001
017264
0173054
400415008
32813003
263211006
247554008
048203
423163008
303847009
5939002
]
roles [
405816004
260686004
246513007
363702006
370130000
263502005
260870009
370132008
42752001
246075003
]
