concepts [
18693001
388148002
34828004
429080001
168965003
071349
0124016
0118462
0127320
225106003
044400
241655007
64775002
020899
0144162
33192001
038770
0143142
389036008
261764003
308092004
373725008
295295005
029322
259879000
056447
225879006
165623008
310881009
433762002
218051004
113034005
030988
113062003
372524001
52627000
052141
427244001
108462003
94469000
469462004
027552
03773
128647004
183521007
63971008
264865009
054981
469437004
12450004
]
roles [
363701004
370135005
370130000
418775008
118171006
425391005
363710007
370131001
118170007
408730004
]
