concepts [
048493
698646006
74817006
440963002
016952
088314
29589005
125127009
249602003
075491
437829002
202914007
246885001
089098
55813000
048673
20121000119105
076362
703039001
038860
123770000
0116165
364154000
0162703
463538001
469448006
0105849
020513
286446000
469539004
441170007
81608000
39122004
0116982
0155020
275959004
420076001
8089006
0116688
426914002
175423002
50995008
0152827
289760003
243156001
248830009
076040
110603008
227259009
224368003
]
roles [
246075003
47429007
363701004
370135005
424361007
260870009
609096000
418775008
116676008
363709002
]
