concepts [
69773006
79846001
0155173
385346008
112568003
051347
0142099
362903000
465683007
047070
266430000
098024
116269007
313015008
061230
312761005
253114009
0103236
040234
309665000
126505001
405939006
0155734
408605005
0166428
279739000
237057005
5869005
076366
204739008
52826006
239914005
50097002
0110183
0149499
0133769
0166430
0158334
243650008
41353005
212105007
050404
0169662
700565006
017892
015125
29432008
698776006
0100248
12039005
]
roles [
246090004
424244007
363709002
260870009
410675002
363703001
260507000
405814001
118171006
370132008
]
