concepts [
701761006
362571006
111873003
056108
094388
086318
713617008
57014008
2646000
104867005
104549005
109477002
0138076
90331004
364260008
702454008
0136858
54505002
300197009
0167126
304714003
403278002
190552005
02477
0136897
89797005
386439008
0422
0174211
0108007
11746005
076735
75292001
288091005
0110885
240413000
018097
230091007
417795004
329903000
428923005
44625001
47831008
331820009
250860009
110376008
0132142
187196002
0101822
409983009
]
roles [
408730004
246093002
424876005
424361007
246090004
411116001
405813007
118170007
246454002
408731000
]
