concepts [
066261
282013001
365481000
413711008
56214009
96338002
038797
33922005
049103
43270005
426703008
044914
463271003
0123699
93214005
012226
228002003
699062006
434436004
237833006
03229
83601000
473410008
312543003
46669005
169536009
64694002
704543000
397438005
073717
0139580
0150142
054480
467334002
26346008
074568
294049004
078107
11105007
045930
0106634
249178004
57300004
470661007
058918
85924007
440807002
063523
114627004
703184001
]
roles [
116686009
363700003
118170007
370131001
118169006
370135005
246090004
263502005
118171006
424876005
]
