concepts [
087602
032516
04463
042858
24571007
75460004
0170536
399430006
84583002
032804
428214002
307346009
116799002
431443006
15126000
90662007
180056004
0133368
05086
699070001
066276
091591
308311003
039296
0145891
295811007
113272006
229359002
34969007
283461009
131026001
0131516
79471008
0133830
032424
085898
211706002
076408
0149290
235191008
092111
0606
055918
287021004
127108004
0111727
444887005
287378000
0154700
0113115
]
roles [
260686004
405816004
370131001
363709002
424226004
47429007
246093002
363710007
255234002
116686009
]
