concepts [
424693008
234674000
299607008
054795
047896
705221001
028560
089607
65364008
041891
099598
102642008
420154007
401745004
0149523
091392
0167814
308355009
017360
168708009
395338005
025211
284584006
443796007
059627
08929
65239007
310612008
0163550
434325007
028411
178482009
0161601
115460000
0145525
0753
94389000
200707008
130425000
411085007
448088007
236286007
0101838
387945001
40210001
0134613
253513005
297610005
287056000
28687005
]
roles [
363714003
116686009
424226004
408732007
260507000
118169006
116676008
255234002
246090004
370135005
]
