concepts [
037045
66995002
432758000
0137844
299183006
088349
22569008
013562
106082003
368190003
84486008
4556007
276065007
049450
0150860
27937002
010831
02996
3278006
104696008
0118406
074891
407596008
01204
042862
257647003
058244
399604000
209084002
273505008
061009
94844005
295301006
230067003
058038
114639007
0169879
59702004
304347009
298063000
258957002
75223001
448691006
305044003
75890000
029336
0134598
0172295
66226002
0174671
]
roles [
363705008
424876005
246090004
363698007
425391005
424361007
363714003
246075003
370131001
370133003
]
