concepts [
85669003
0129675
283452009
699225003
0122889
110281001
366421007
324605007
112877004
029376
124193005
298393001
049432
0141663
063853
174278001
372881000
292300001
090038
249851003
81021006
122048000
012950
032737
016618
028220
255970007
117106004
376123003
130336006
112701005
065066
708062001
37713002
049530
34568008
095138
044129
273734004
037230
46408008
270989009
124336007
710347001
08117
279775003
469145004
464748005
082832
392135008
]
roles [
370132008
363701004
424876005
370133003
408730004
363700003
116676008
363704007
363705008
424226004
]
