concepts [
427809006
103920002
41457005
257545004
02432
068731
298533002
46359005
0145924
225182004
259849007
018949
0104397
283728003
056235
0140252
260311005
407734006
170691000
083904
043868
0147240
302940000
039188
301625002
180807001
120681009
095866
320803005
314917006
172140007
288452007
418174000
092160
291889005
0111385
090739
18014007
271473006
185819007
09191
099775
252649009
0149887
246859000
249028004
21807003
284362005
039640
248801002
]
roles [
370129005
405815000
363709002
246454002
116686009
260507000
263502005
363714003
246075003
424244007
]
