concepts [
012741
049443
0149191
364989002
87767007
027727
0142513
38161001
299263003
296383004
35906006
86358003
0114051
41364008
81570004
231193000
463914006
068706
405450003
308145001
23714000
0100454
301899003
131139004
369880004
11343000
254358006
079285
412596006
0101161
5634005
048511
0160793
04555
444171005
23089005
037566
413707002
418662003
3483000
200608005
18890001
286671009
0160666
21216009
413450008
417459008
081063
24407009
56103003
]
roles [
370129005
370135005
424876005
118168003
370131001
370130000
363701004
363702006
260507000
127489000
]
