concepts [
46857000
89831000
029360
372924006
68502009
065884
418443006
263084004
423552003
75167008
0165649
098214
424820002
447144001
229147008
371491000
08495
256194004
2751001
0127597
401100006
394761003
07771
21811000119104
193839007
472704002
118302005
025164
110644009
289918007
033394
0121699
114227005
440516009
308507008
0145057
363917000
117948007
372295008
113925003
40522004
394869007
0152862
039299
58716003
179948000
309172000
112779006
0172591
294415000
]
roles [
408730004
370135005
118169006
363589002
405813007
363704007
609096000
405815000
363701004
246090004
]
