concepts [
468450007
285856002
25177008
233868005
082529
0121935
174494006
235103002
072265
069531
127864001
0146196
25253006
285094001
244520003
059123
57225005
249309000
038528
411091009
0141211
110647002
0132663
281952008
040096
0131554
183481006
88176008
249389002
208716006
284990001
326861001
92624000
049128
281852009
327805001
312808006
272006008
239472006
279119006
018919
0154049
443903000
464038004
262008008
047341
045524
072167
0164555
264731004
]
roles [
363713009
410675002
118171006
408731000
425391005
260870009
424361007
363710007
363704007
272741003
]
