concepts [
80312007
11012000
0112754
070169
0169286
0145070
76999009
81166004
024019
225589000
37406001
0164993
0127742
396805001
0132906
024144
0124043
0149521
133871000119103
0155384
023919
0168311
50000005
238307009
49428008
0111101
074160
370281002
31840000
117826002
131155006
0132962
63713007
56885005
061422
127864001
09377
449002000
210446004
061846
24391001
297277006
0168918
95130006
130996000
401675004
167278006
364238005
224472000
0166841
]
roles [
405814001
260686004
246075003
370130000
424876005
370133003
42752001
418775008
363709002
246093002
]
