concepts [
124074005
0149282
234002001
365012006
0106277
409635009
401015005
03096
0100504
026492
0117417
57971009
392639001
165498002
19700008
0112741
0131447
446642005
045234
128598002
304738004
0106075
69872009
714092005
097892
12463005
125447007
181071008
0174136
0162508
128563000
231655009
417524005
224975007
416801001
399080006
265667009
701686006
236090001
0106401
276925005
2975009
067350
091027
159251001
0171345
609002009
041132
020829
068189
]
roles [
363709002
260507000
246093002
363703001
370135005
363698007
424226004
246090004
363589002
370129005
]
