concepts [
31139000
273544000
699862007
058128
432150001
0107137
08388
428411007
92648009
92269002
445463006
168696005
430088005
237433000
0151613
085559
62425004
64754005
133341004
294493008
0107789
071991
0111091
0134496
0119230
0111370
448763008
183458009
095681
036911
062998
0108614
41553006
449184004
437964007
012419
174809002
0164340
279789008
08720
051718
407250004
281327001
242657002
26967001
276883000
258503004
051940
249704008
237050007
]
roles [
609096000
363698007
272741003
408731000
370133003
118168003
424226004
363713009
118169006
363699004
]
