concepts [
0169572
214928006
099310
278646009
210587000
176437004
0107932
413003008
0134360
298931008
306448000
088711
040947
34487000
279643005
59798009
361106007
0106575
197677000
0168770
409280001
96193000
52007002
89506006
071368
090016
21239003
70553005
417145006
164972007
300855001
0157698
08319
287801001
54795005
193511002
262559001
049961
397441001
130261007
287716007
166610007
05790
0104887
4622006
418083008
0131037
413179008
049661
111392005
]
roles [
408732007
370133003
363702006
424244007
363589002
246075003
116686009
609096000
363704007
118169006
]
