concepts [
75472005
426379009
4780009
067860
031782
0143283
245131009
017865
428957002
421042004
070824
301777002
0103258
17930004
39626000
233112003
313643000
167723001
305466002
09027
231621006
0129450
0161898
407898003
368614007
304481002
112286004
67870009
0170969
6550004
285029003
83653008
411654002
176117005
704010009
462731003
0108266
395534006
237838002
9883003
026436
0120256
0106156
0165078
67231000119106
274508002
57733007
703077007
217492004
018341
]
roles [
42752001
363703001
405813007
408731000
260686004
419066007
246513007
255234002
246454002
363589002
]
