concepts [
367891003
415468009
080245
994005
421565001
0106295
110077007
045327
703904004
062842
0133145
404585007
198659007
243375000
288081000119106
68511009
235240002
116347002
466813008
0103252
035841
183323006
410682003
0103593
056360
366383006
0151974
333693009
120207001
704208000
080396
05187
76715008
119896001
90180002
439699000
239706007
420343007
0115890
304729001
609084007
238580008
7437005
028722
127880006
73299007
282456003
085411
301552001
271754008
]
roles [
609096000
246090004
116686009
370133003
363589002
424876005
370132008
363704007
260507000
425391005
]
