concepts [
082951
025391
234388009
396141004
30617006
261774000
214868009
062338
250090003
388262001
207923000
0108595
244607006
134806003
432489002
69720006
0137238
190852001
231930000
56127001
302262007
425243006
363882003
429895000
437924008
21912003
0159302
169960003
079631
0122726
416210002
96162001
388961001
226455005
050539
097645
158778007
048402
242105003
04732
0111317
0106741
394886001
250988002
15286009
396618006
703756000
078983
277072001
362829004
]
roles [
260686004
363714003
363713009
370130000
424876005
370135005
405815000
260507000
425391005
363709002
]
