concepts [
274022008
077941
61835000
283023000
044601
090451
21023002
037739
442776005
0172506
041447
8504008
098936
177942006
388921002
713281006
38453000
210070008
72188006
440479009
032884
82464006
6031000146109
305523007
242878002
086350
210860005
89751008
309384009
232932006
293399004
043574
43527006
126956001
236227000
072501
282391007
124348005
432772009
77551005
260318004
1698001
069675
394896005
282362009
0172614
1201000119107
398972009
93137007
342805004
]
roles [
246454002
363709002
424244007
405816004
116686009
370135005
363699004
363698007
424226004
370129005
]
