concepts [
25812007
081937
434574009
31258000
85018004
0149027
434533009
059455
042399
90976006
0128192
0123689
0156456
0152969
292350008
80831007
315534001
4280005
107026007
403192003
090085
12031008
030799
087524
254200009
250133000
238833008
422392005
374676006
0144350
50444002
463630001
296041003
243861002
090742
698625002
90889004
73802004
0170021
285933007
32875003
315527003
13630003
0107612
042616
184076002
2011009
331292004
107733003
385025008
]
roles [
408731000
363701004
118171006
118169006
363704007
363714003
246090004
255234002
116676008
424244007
]
