concepts [
0116987
055247
0115962
129264002
399582005
0117607
0103347
295870000
0100006
013746
255474005
239614008
302125001
0101007
12820001
216450004
244786009
405100003
59684006
443321009
709108007
0168952
225659000
032500
258887009
370238000
208158001
0169509
4164005
283099009
0133155
708609009
05737
062870
320209001
0151621
042571
054566
80003002
60408005
258876001
90568000
423519009
208828005
0123016
211908006
068277
58190003
284384005
406500002
]
roles [
363700003
370131001
408729009
363704007
116676008
246454002
425391005
246093002
370130000
424876005
]
