concepts [
0159735
108821000
414576002
297006008
13216001
52231000
362069002
63261004
061733
0106867
391445002
0103004
67741005
426280005
047085
027560
253834007
425738000
449441008
121667003
058990
329910006
376865007
281225006
364892002
180974005
133373005
040612
42768007
0159067
0100366
097825
129023004
014060
086362
396871009
407895000
0128102
232754000
264070001
124346009
122493004
0124072
048627
124508001
10796004
093021
23056005
197083003
052363
]
roles [
363698007
405815000
363702006
272741003
260686004
255234002
363710007
405813007
246454002
370130000
]
