concepts [
277936006
318009005
50099004
77762007
274378002
0173838
090648
306133003
0167356
044701
415186003
13759007
0162236
238550003
302817000
05050
130706004
0160872
427283004
384737007
129636003
359918002
096361
0173777
0140586
038608
81863009
09098
077673
0107276
234608003
362501007
0119044
073201
74224002
023218
278495003
231034006
36401004
427230007
39785005
710802005
40005008
126940006
425250005
059950
248499004
197179001
462189003
025087
]
roles [
424226004
410675002
419066007
118171006
424244007
116676008
609096000
418775008
246513007
116686009
]
