concepts [
247159009
245727009
129922006
169273006
288038002
013004
314385004
49628002
413048007
5947002
395914004
1769008
701880002
698283003
0127243
304693003
0130676
032616
0140154
169568001
06659
162030005
91552000
09175
311782002
059925
035258
227725006
165397008
034156
464563005
364024007
075957
33496007
03043
076688
036605
160474007
0141966
077666
309521004
0137575
76611008
308417000
53472008
34393009
026351
72678006
117672000
235094002
]
roles [
405816004
363703001
405815000
370135005
363699004
246454002
272741003
609096000
260686004
424244007
]
