concepts [
033604
181486008
0144119
0116851
714409001
0136552
347401006
446683008
299851002
0172358
438585001
460352004
251902006
430323008
22154003
262619005
75470002
076199
285457000
021976
0156659
290773007
047065
609027002
264483005
444141002
0150530
060344
290468000
426344007
0122066
298310004
193329008
146801000119103
05709
257003008
96115008
272186008
0164039
113361004
016022
245977004
5725006
96081000119101
211798005
308076009
112697007
0142269
301245004
241715001
]
roles [
370131001
363701004
260686004
408732007
116686009
408731000
246090004
118171006
363589002
370135005
]
