concepts [
28850000
275956006
014647
161800001
419727008
021929
131999003
293044003
466084007
468984002
212748006
35356006
94826002
0125579
363342003
706258005
067549
89866003
0153275
274392008
77541009
415794004
26945002
164873001
45920002
023661
712872001
15728008
416055001
40941005
165548000
0126130
397824005
041122
78561001
404168000
241178002
329904006
463705007
125283001
0108111
209000008
0152195
118428007
698508009
041572
0155898
0135799
85253000
414047005
]
roles [
424226004
260507000
405813007
408731000
363699004
363698007
363710007
405816004
363702006
246075003
]
