concepts [
441009007
705326009
321624009
68011001
80168007
0100368
0118908
012536
03260
028262
253431009
449710006
012422
39685003
0106659
249378009
0116676
112704002
405976009
038275
050719
460608003
310653000
375522007
261587008
8965002
228309001
026642
01643
125450005
107671003
242134009
177712001
0135751
411355007
054377
262032001
418059000
070664
444655009
464338006
33588000
283452009
0140828
447144001
308838004
0118984
195709006
0130247
125208008
]
roles [
363710007
363704007
363700003
425391005
363703001
363705008
363713009
246093002
419066007
370129005
]
