concepts [
237294006
0148547
097471
098602
054108
078345
080921
251535006
450524006
0145569
256140009
064700
241715001
698619001
445658001
176455008
161528002
23686004
0174574
13470001
0152484
368560001
0114228
0168762
468911000
0149059
70315004
059701
279568001
388138004
03785
259653007
288080003
289431008
426184009
405577005
073376
298732005
044104
19454009
443001001
387650009
046260
027632
07034
609322003
06340
029920
73117003
317690002
]
roles [
118169006
246075003
370130000
363589002
363698007
363702006
116676008
418775008
127489000
370131001
]
