concepts [
4218005
255172003
095272
443296008
7836006
082394
0117855
361429005
434720000
279332007
096056
023572
236430009
9253000
315165004
300498005
269275003
432700000
445287005
0160332
0120139
246829005
0139674
437741004
335284001
027358
386928001
307313003
3118005
092243
0144059
273455003
28546000
0121689
0112879
234195006
418260004
125460001
17524009
405657009
0100801
712798003
259897008
16845000
117234000
166587008
229711004
30690009
6831006
398659005
]
roles [
363703001
425391005
609096000
424244007
118168003
260507000
363701004
116676008
246513007
419066007
]
