concepts [
29842002
273366006
257649000
26116000
0116539
0141685
211703005
353897002
1688007
029296
425423002
440309009
65199001
047240
391027005
463417005
080367
396764008
0133530
069467
362050007
245911009
447274003
88896003
121310004
0158667
1794009
203230004
247729006
152621000119105
020079
209416001
0120679
431055006
709665009
0125109
0148366
399931004
038732
033701
304067009
0140992
0130295
3312002
127945006
032206
188317004
0145903
417327002
713487008
]
roles [
370133003
370131001
424361007
363714003
363709002
411116001
363704007
408732007
118168003
116686009
]
