concepts [
444025001
441529001
093352
063256
0150226
079301
014999
225691004
278870006
405739002
0109179
320972003
95015004
283134000
127006003
111872008
0147163
162594009
161017007
403243002
420277004
163452000
07518
0101803
031263
0100762
027113
234583001
032803
80744008
088458
85350004
212536005
70394001
055863
0168562
0148355
404569002
029508
02608
373562008
074952
182495003
227960008
449759005
417307003
468138006
230108008
421252009
01534
]
roles [
405816004
370135005
246093002
425391005
272741003
260507000
363703001
246454002
424244007
363705008
]
