concepts [
0111295
304632005
59113005
321212008
050253
264407008
387649009
296721002
024929
0161596
179624006
244904001
8102001
118256000
0104124
708606002
012850
064749
080735
84390006
434630000
50033000
86176002
711243009
02614
0136183
225110000
52752007
303843008
464091007
09257
098851
062151
0169077
409929006
129241004
0174360
9274004
364489008
142881000119105
162652000
608981006
084764
704937008
028470
11221006
246668000
110318003
172972009
050180
]
roles [
363701004
363699004
255234002
363710007
363702006
363700003
260686004
370130000
405816004
405814001
]
