concepts [
402729004
0120795
079370
14072009
0160770
296224009
705190000
104767000
015565
303417002
698493007
0169320
445002005
36940000
376803002
442711006
441045005
473215001
090989
246910003
0120936
366461008
463251007
710062007
22915003
708447006
0142732
431389000
279909004
233000004
105095003
121360005
703105002
69659006
34625003
65834005
31679008
08853
368705005
070582
210787002
0159007
039084
398506000
195414009
054682
084109
85375000
056539
58063005
]
roles [
246454002
255234002
363704007
424361007
411116001
263502005
424226004
370130000
405813007
425391005
]
