Classes[
114651
117480
93489
25642
124537
9095
53373
75458
018246
92204
75002
12418
90187
48744
120051
39245
010593
118773
108697
3523
64547
105703
10370
108378
98126
36807
76422
117548
89049
0629
53949
34254
62431
8305
80509
018094
110073
05241
93013
12747
17793
22521
8083
77180
15770
28628
2678
58736
94193
15892
016496
52425
97051
105571
91471
77599
014619
116885
103268
61122
74124
81775
35200
011384
41227
102550
105742
39741
106308
89709
121789
013578
60550
121859
97290
76908
98876
06525
82751
119220
96487
33311
117377
38116
64971
015099
3570
19581
50585
62651
35348
77107
59911
95887
97367
56986
66681
107061
111397
71514
]
Roles[
00146
00163
0028
0044
00126
0072
0024
0031
00131
00160
]
