Classes[
62395
94882
102620
56490
115287
72485
64973
64913
43984
012716
017735
97320
53254
5098
05291
16871
99570
125307
42470
2231
37439
118112
10494
122302
70951
18043
92926
89744
1404
23843
109455
21573
103380
17623
110066
51994
08143
123110
33763
97171
75601
20470
62040
78744
2262
010658
101898
17494
06550
99928
02004
01721
98652
117184
93213
02995
61153
79242
98917
93412
109763
014027
88440
73134
124356
11167
35918
017237
30052
03289
109604
24052
70878
59221
64445
123122
12528
02810
012029
80980
125523
51963
108698
33543
012261
74217
106442
106857
90388
88222
48016
105878
11856
77122
33462
32420
32870
9024
109500
91502
]
Roles[
00155
0041
0035
00113
0034
00177
0029
00132
0037
0040
]
