Classes[
115189
06361
5673
112565
86980
015751
94797
07705
11221
106087
12124
29822
011277
07259
84486
73019
48398
90108
25436
84061
63197
03146
84947
03491
64475
22761
19681
28146
20083
112560
800
76345
77787
35274
21983
32496
112915
103375
108282
33935
60890
019218
013217
85691
108720
3126
102363
26270
38019
8337
15296
41508
08141
19890
36289
9105
08470
122639
36920
015713
86006
91254
50974
016764
06122
102782
1296
28725
42321
78464
02530
6638
55748
44707
103873
121207
120186
02482
89245
96669
76131
09608
29821
106572
101075
59350
104900
34399
116530
78695
121957
120317
09111
27826
52713
18058
97932
78865
4443
03173
]
Roles[
00137
00150
00135
0081
00104
00112
0034
00140
00132
00126
]
