Classes[
07754
25057
76372
77664
22936
108599
105510
56806
123580
02397
39051
19900
3994
0430
17888
07952
98224
74862
2818
119936
75114
29816
16204
45970
23125
4596
19799
104262
79327
42679
73484
55360
18924
87538
014580
27282
34242
115324
8252
46126
71460
91799
97446
45422
61180
100275
016054
57617
59600
103246
013095
54091
14594
90688
116295
35093
14652
76793
44909
58085
101333
66115
103521
48457
06478
12655
56659
80650
2678
102701
44810
47857
89261
44405
99223
4521
63255
120154
5073
116645
54074
03932
017246
10809
120363
109884
81249
123608
81748
111842
104208
2466
95290
34929
121314
016005
14226
63810
08485
06840
]
Roles[
00173
0082
00142
00112
00139
0035
0034
00146
00140
00138
]
