Classes[
41796
09020
10551
102238
103562
44337
58736
66397
61888
83484
011840
112214
76547
124651
37329
62463
012650
123930
35206
61927
102013
20446
119161
98840
7692
04502
80744
26069
121608
04127
112190
01155
107488
103944
110943
118800
89148
20502
18516
35273
99611
92602
9977
87009
58182
86723
12908
122836
116811
016823
76374
104568
07831
40328
44116
21991
20450
81194
20868
92552
78574
63591
015876
62748
94981
63162
85237
06967
25672
98112
06925
904
0921
11781
64783
22346
82277
52984
19876
95236
44027
78238
106703
7509
35488
113615
55356
111369
124920
33851
37876
45407
8518
07570
112096
92310
91677
102028
93436
24442
]
Roles[
00110
00178
0049
00113
0044
00137
0045
00167
00155
0028
]
