Classes[
13914
25017
122368
014934
88294
17604
49509
65847
83347
39297
74303
06958
13867
118780
6348
95320
60317
19702
17810
38550
45649
82324
95243
18927
115351
56298
41673
63801
52280
79157
121397
84186
06748
107076
80532
84098
66272
26097
018248
20941
95405
010493
8026
07576
80342
119151
010234
111281
83855
7934
0712
121267
100667
100516
88245
90414
88977
37004
116058
20396
1024
81180
91886
15402
59179
80627
10660
75496
7983
110325
22920
95448
017389
63855
32457
89400
72703
85962
78024
102434
83305
08467
76758
47958
6584
117011
44448
34690
107590
39556
04890
108604
72759
87303
108441
64286
53541
13816
015312
116594
]
Roles[
00103
00170
0082
0036
00130
00107
00158
00125
00153
0028
]
