Classes[
85917
123468
33968
0325
017674
0166
412
014595
121155
101416
8197
61282
018064
3677
73808
017741
96928
0901
92615
101997
42548
85684
17510
122126
58431
7683
2163
43165
110589
59702
39455
72085
01142
119910
54660
09723
73690
120813
113545
24791
74338
98320
016557
14391
5349
49520
012174
112821
4473
19120
04680
20644
40202
126148
13726
017899
9901
04938
94078
117279
98825
59617
86476
1390
124197
015450
04019
80461
77835
89771
52459
113576
56333
104732
12742
117340
41486
86262
55254
78151
124224
19574
41535
121987
68731
06804
72287
02838
55418
22070
59056
2417
111717
4734
55093
71734
100788
45012
4165
105746
]
Roles[
00139
0039
00130
0038
00106
00114
0034
00125
00137
00165
]
