Classes[
32719
56141
121453
16818
54784
02447
37296
88903
04712
28946
54610
116611
23150
78014
84409
105405
07788
16836
7422
15316
39380
62120
09300
45531
018772
121736
41456
110078
40227
12932
108682
100704
29752
119415
1484
018227
114385
3524
38862
25528
111660
117216
109263
03188
100964
30057
82567
106841
05781
16014
107341
98882
51065
57194
014561
32411
125720
20467
65022
114692
04214
118115
17582
40074
69025
21169
49171
21924
56039
81055
36084
018975
123947
898
58917
12150
103335
10248
121838
03997
13500
29874
90367
48593
16447
013149
87285
84030
43815
8149
6155
14982
93248
44014
815
12732
91945
770
11003
05429
]
Roles[
0050
0032
00135
0045
00178
00105
0081
00102
0066
00125
]
