Classes[
72714
102414
35847
82592
106327
107938
16074
02459
65909
16695
05183
015061
3397
70781
75046
86342
111847
82234
013542
21020
111486
13627
81283
35763
92523
40387
34109
87774
02621
51668
42292
98647
19891
52333
11085
09947
33577
3730
113664
34680
40153
77577
109323
7717
29704
51040
122381
64388
52739
88178
85891
81248
41930
59522
48168
015172
19516
62918
63703
57545
38698
4186
013715
94246
33666
32400
2278
113092
51674
99765
03328
68568
57395
103230
124246
01696
49627
09398
125210
118345
126202
100708
27219
28310
103243
85900
08095
01039
012843
51571
44967
9749
53473
014360
99232
01690
012020
85294
27403
124626
]
Roles[
00141
00176
00175
00145
00106
00168
0089
0050
0047
0028
]
