Classes[
05383
72647
0141
34136
52496
76402
122424
77384
27126
125199
62297
36468
93330
26831
94880
0246
64600
50635
72313
103630
99382
120584
33355
56071
2226
73561
38429
24205
20307
03959
114973
107378
108964
57092
17360
76394
50166
23900
016760
10840
102402
103783
18368
45855
28671
57939
113270
02874
48588
29348
02374
21872
03650
26291
79752
75121
68287
109935
92947
61404
27970
019027
111603
40203
011393
33686
2951
22651
54042
08403
108015
78697
88615
35404
93852
22880
65337
94305
2522
96325
92285
8640
89077
8771
116853
07124
017525
20517
05855
16609
8086
49278
93314
10991
91690
84361
33145
869
47784
103152
]
Roles[
00131
00167
00115
0081
0050
0030
0025
0026
0051
00105
]
