Classes[
106008
68801
2824
17899
0361
018929
38590
2171
468
71978
015498
92127
44345
45488
02036
112807
117100
79823
119209
112096
010318
91978
18747
116457
45530
50901
101421
01176
010676
011531
60102
18267
17590
116820
16233
65129
37675
113732
86987
94470
29296
20595
45687
100242
121768
92925
24633
44157
92489
37589
106242
015202
12417
119772
39182
75045
122553
23056
19288
89746
108798
99772
82685
74368
122956
214
21545
96294
106738
26761
101190
121036
08613
012786
9702
48572
97977
95438
34452
2750
80721
72952
48171
28108
97288
72579
123325
60577
87893
9439
69060
18246
87355
64108
117060
53365
102849
61528
121404
55138
]
Roles[
00153
00173
0034
00163
0072
00114
0029
0024
00125
0030
]
