Classes[
21765
07496
72037
32695
014404
122705
019196
95746
214
66819
23613
125430
106321
87585
113859
123079
10257
63090
2379
105809
014976
14759
83681
46119
56382
23251
97812
08962
73106
60682
014389
1694
36517
19608
54621
14769
12327
89477
112969
019064
21073
49212
123287
23183
018555
06237
14229
63290
15193
94090
60491
14841
48472
44361
3644
37302
557
14673
15339
39410
80700
05009
45934
42342
39315
0951
107214
67164
74136
35009
32530
106151
116159
014608
83654
111240
53867
62987
120115
22808
19442
100634
40214
53450
010454
110277
121452
10269
81807
20721
01983
57615
7535
21753
92388
41583
75063
53704
58470
41981
]
Roles[
00139
0050
0042
00158
00146
00171
00108
0053
00163
00145
]
