Classes[
02204
05910
60443
014968
21857
41195
28711
75407
7253
4630
34906
7466
72008
04900
52800
96295
119773
48708
122701
94786
106663
49193
124657
50117
3308
01656
75572
48365
29738
13790
13195
12495
98548
74633
26140
101310
103955
63659
44835
35942
10317
05410
85870
15244
1158
47902
015296
015239
010497
03236
71830
116778
90873
71787
15427
62305
5317
13933
119692
16291
73109
014775
126054
115721
29844
73739
122199
45154
012309
20940
7999
60617
103636
83627
97235
08104
16093
43506
89797
109929
79171
018391
04007
0616
59899
14758
68853
56568
108624
113720
92365
16278
125813
64831
54704
5141
49267
61191
33735
64879
]
Roles[
00107
0037
00166
00112
00110
00124
0048
00155
0040
0032
]
