Classes[
54244
123084
62876
44110
102887
48489
56103
116758
103248
80859
59072
13897
50704
69174
4754
4262
03509
95965
87990
62166
106451
33437
105891
08336
70597
94754
104946
03635
119772
98108
110069
65616
112025
010457
64282
010971
110672
106953
51972
93521
85878
05825
83439
29471
13260
14242
22640
1365
9164
117082
90600
121151
114182
62567
60284
100723
10155
4015
51591
55200
24585
56599
11043
65312
113343
22173
27176
121456
74093
26954
10769
72143
93842
102233
72277
11076
25980
09442
02979
83616
68421
21865
72761
04252
96096
115411
93877
5587
100459
019061
106971
48532
1432
115689
48867
012720
123155
01309
1374
96615
]
Roles[
0072
00168
0026
0066
00158
00141
0037
00170
0041
00155
]
