Classes[
23335
93467
18939
23096
05155
58706
15018
93998
06226
64070
66246
16461
118695
0646
123283
92519
112753
121930
03121
24231
79598
011192
114787
81654
58508
108360
23928
21011
55846
014389
982
10557
108441
110808
8545
123335
66034
105636
79556
08997
98730
20175
64126
100997
60327
120146
37895
126265
3934
3946
115442
96641
33880
77311
82260
010850
89473
120967
13363
102858
5214
01355
08462
57942
78289
79420
116948
61435
11256
66945
103556
41923
93276
122396
122277
90623
52601
57966
08345
25432
42796
011294
11646
93269
114334
58014
101736
17589
1513
118239
76167
018712
26051
10291
99722
69198
64135
014258
28981
83028
]
Roles[
00105
00159
00101
0052
0023
00131
0046
0042
0027
00139
]
