Classes[
013993
125508
113422
81385
50598
83284
90118
91071
92731
105292
7823
27706
88678
012760
016011
03496
99758
108968
33961
113082
60352
3873
88090
09499
112392
66579
41043
3090
108343
98211
2761
84814
71393
71185
013353
102787
86312
42585
89345
99116
08377
06430
20780
102998
116830
11043
44600
017831
755
84670
32478
81648
87785
89857
93210
53864
73545
03935
58994
55726
114335
82908
35072
013838
76613
12044
73790
12383
81291
81041
13350
23483
016910
99327
4376
15578
57133
28940
24011
03083
58560
58424
75176
13593
9065
86869
102753
51900
93665
98260
114421
114844
12386
06341
100621
41796
72972
43552
06078
92367
]
Roles[
00158
00167
0066
00112
00132
0035
0030
0072
0047
00126
]
