Classes[
22776
08869
41254
97157
13959
103977
112203
78412
4789
121181
94201
64729
67169
12597
14333
50840
103251
82665
019163
93804
56474
125060
58296
24614
109005
62438
77261
116906
121849
94278
012156
62587
7987
18605
112883
010964
96188
65914
63893
104856
02487
38813
4401
26101
106962
54362
44020
93633
74563
43001
78692
016848
112749
98089
106913
21670
50772
87917
122574
105105
5309
048
92533
72378
41545
32338
91731
07883
4402
29049
09760
102443
42173
106266
018916
119534
29889
39227
010093
123822
26714
09850
72859
05741
45174
12924
014894
66415
99560
89793
62298
83543
11457
25179
33653
10636
104868
67033
62981
27219
]
Roles[
00166
00171
00139
0066
0041
00137
00107
00135
00130
00140
]
