Classes[
68759
66046
1148
10044
71445
0322
78497
38433
22707
124993
32221
86615
86029
99901
02327
7060
104724
120182
52162
58248
103917
11338
66389
48198
79686
4760
67299
10097
122295
01151
84978
07801
54950
81042
44636
110725
76126
94108
12777
17791
77998
93921
110090
19711
51859
60798
16167
011424
47867
53377
01253
118151
016672
87929
101775
015684
12760
017177
49160
8859
119131
2409
012439
015093
49321
77339
90736
78281
016574
64565
014726
017180
014657
33423
38796
112998
88274
115125
110221
79416
015640
04859
56532
96592
06338
011004
60297
51740
73939
02999
33206
21831
51697
100143
3855
92674
15018
1671
38377
103516
]
Roles[
0040
00122
00175
00142
00153
0082
00110
0052
00101
00116
]
