Classes[
115209
42930
24998
90153
26047
78528
85754
0665
12413
7235
80517
111264
011890
16333
34600
107511
44841
27699
013122
02441
82595
61249
02467
116203
81479
91047
107635
0307
54922
62660
60065
016307
04146
018000
18305
106475
98854
109634
60745
52387
4150
38653
24689
59282
014112
12616
69042
106296
18254
0886
64380
45506
017516
98763
85642
06101
114222
109909
116418
5454
37765
25967
7985
016201
72940
40442
64388
56928
81202
45067
55353
118292
40435
102311
50126
012382
117479
20597
49484
35386
55949
14093
76395
28102
100692
39638
108503
92634
92127
16944
52112
014096
84609
85305
19772
95578
96469
08717
9067
014592
]
Roles[
00159
0049
0072
00108
00175
00150
00113
0042
0035
00156
]
