Classes[
124077
22163
59976
70963
02699
114186
20829
77428
122311
9510
013435
41478
120274
80715
06834
27479
103804
93374
82164
105001
97069
10795
101477
14987
9817
12040
74355
65615
119171
91233
05286
52359
111165
52781
61372
87595
115443
48305
50267
81315
06161
012976
125543
63208
60308
72820
73018
18311
018656
50412
24727
08886
94454
04259
12600
741
86077
018153
017071
115038
81390
49292
59762
63380
23456
5104
108718
96903
126006
74810
45584
66257
50540
21500
019232
86644
99315
61056
44353
26250
61108
79157
14376
36661
113243
12191
34078
125950
69273
013575
13263
107210
8500
58131
104195
74086
76019
108976
68544
44962
]
Roles[
00140
0032
00106
00113
00116
0025
00115
0082
0044
0088
]
