Classes[
97313
54686
04660
97211
018766
50033
01377
55458
34224
117188
79292
5086
8515
18024
7567
012322
89544
52979
63341
126260
4571
10272
87277
125738
28191
90579
26323
35699
15891
15625
41029
101004
33879
115620
56962
125872
23652
400
26920
65278
18722
106677
08309
57524
33481
05349
39397
16469
60076
74296
104607
61271
15687
103315
125472
24710
15139
112800
92484
24708
26159
38176
9259
70753
1024
08888
97665
22123
012940
50224
106173
10755
80170
2081
44862
06010
09031
545
114930
11219
102645
107167
38726
09493
84841
116490
98882
011487
43557
115872
109992
114272
113376
108569
24388
103181
10540
390
8855
8631
]
Roles[
00167
0048
0027
00139
00165
00124
0036
00112
0072
00113
]
