Classes[
25240
55748
42399
120797
50338
44065
126256
106646
114657
62178
55880
44511
98974
89900
20377
75978
0226
74283
85305
19255
09503
100364
57874
104145
64691
111357
94881
92046
24623
29973
018271
64428
33205
41167
02452
60861
98214
24947
83555
20485
57433
43580
86239
22054
22460
48889
03012
04658
09418
20376
19316
95792
01879
34052
35455
89637
84180
109465
6688
38363
72582
117209
21147
49122
89211
113095
121386
14966
97558
101917
7200
7678
6841
013779
010479
6302
65223
94445
11011
73650
90436
80962
017582
42390
22790
120270
23322
013988
1535
49993
24012
37886
66602
86503
24504
75986
019221
123860
93982
1577
]
Roles[
0072
00105
0052
00177
0088
00167
0039
00131
0054
00142
]
