Classes[
44459
597
011787
71490
05867
10203
119477
126311
12396
56285
67082
89974
51284
79412
118926
13877
101618
85726
016921
012119
64586
37720
27186
93089
90886
8289
5671
18807
98815
84993
105915
22846
55524
2675
126073
52538
43197
101976
1877
52739
47819
62373
101965
49584
14548
105517
015691
84394
23930
71238
20724
8512
012059
84955
50037
101090
98472
58099
59676
37793
81679
6160
38332
28101
016095
55781
23836
22409
87314
90688
66623
29192
01739
7736
5253
86667
16838
82514
68511
105291
18015
36980
115415
010800
107063
55413
24060
114284
013906
05607
115114
68744
7803
4140
27622
106112
13446
102138
019269
38265
]
Roles[
00145
0035
00171
00170
00141
00102
00174
0053
00133
00169
]
