Classes[
100464
85548
19428
115696
98981
88921
53732
25455
0988
108399
1857
79903
16454
101985
011987
60361
58509
100703
016424
33957
02570
12145
37590
61892
12561
48016
35152
124389
59048
40444
017372
73799
20372
41604
29300
48971
122356
2917
06591
51641
119048
39794
8637
116111
05524
21904
26698
73298
106731
10995
113122
42486
17402
42135
63071
36554
35716
885
49909
21871
21896
32739
01086
96419
114793
86844
23655
24085
111351
90311
96290
2710
52879
89878
24264
03166
55333
74958
14583
73867
86369
125894
109116
12283
58392
95756
27616
97462
013411
79365
67368
53056
15278
08639
41942
010304
65154
106453
04329
10856
]
Roles[
00159
00125
00155
0052
00108
00100
00171
00169
00113
0040
]
