Classes[
47777
75942
07041
103318
102753
89457
32043
07988
23750
77267
35735
014928
81468
62031
3953
33193
63260
38322
11459
111714
94308
3965
51838
23100
78486
20634
55832
20990
17148
114469
12549
96493
6265
57636
97910
6030
76707
35797
39123
81206
15465
88274
106980
79963
103747
43509
124829
82003
70746
03243
120644
20265
47951
43847
35439
52493
30032
80123
118390
19152
8444
2745
113734
86281
10381
011782
85291
104105
20483
49770
25309
119817
119965
109926
51565
3570
74329
02780
105347
012497
117298
05241
013511
06058
65190
93040
36449
120251
61356
32061
74281
62540
68539
115157
97638
118773
94224
83853
85659
64863
]
Roles[
00112
00158
00170
0041
00125
0046
0039
00108
00155
0032
]
