Classes[
86761
116365
34972
59141
17248
70571
75500
58206
05436
45091
63699
4346
17710
90564
011612
39948
32462
17613
35758
28215
04526
15579
97125
13653
06888
05412
78447
41664
013795
97840
2740
86132
110276
111738
39873
40254
118567
104645
29910
96463
97842
122258
38488
108061
017926
22523
015957
85021
27497
21042
05175
11954
49484
91769
21975
95035
985
115811
014637
66440
57152
08132
99050
66607
84621
82465
1986
95234
110595
91345
27271
21875
48334
98855
37330
11462
123431
1416
08746
77188
25039
120225
110854
86892
05159
2811
90467
13509
24047
96281
27935
1645
89647
10099
109240
122712
102984
124949
69300
126129
]
Roles[
0028
00102
0038
00168
00100
0088
00167
00153
00156
00115
]
