Classes[
47729
015747
64084
1681
104674
3533
28060
7693
101799
32685
74941
96694
55958
122662
32599
94253
92776
34222
76891
50361
94268
22503
43523
107378
9661
18143
9148
02056
33858
33077
21078
99938
011725
79824
66441
74470
116325
013085
97677
77839
4261
010763
86322
38887
13992
62594
79350
112954
09044
73966
37567
07972
98965
43583
93150
114397
87008
61236
49882
64309
86258
105609
35427
106472
95715
122432
29414
84517
39668
81806
123823
119695
60554
07091
22683
14101
122515
81789
94314
50882
20495
55993
91420
12376
107899
88729
37743
017082
40715
23120
25239
94991
78669
118366
40475
73986
119749
08597
33146
19844
]
Roles[
00146
00177
0046
0039
0049
0050
0044
00124
0047
0036
]
