Classes[
51152
96830
80127
40289
78770
5824
2560
09687
99365
61060
24632
7112
51595
013723
70822
08524
58849
117626
58138
107115
101435
99928
30112
28236
113403
120056
58543
36169
60391
0523
92335
19110
16982
115585
3215
80639
32853
119644
47490
25823
013179
44131
95331
20802
13107
27175
017045
18746
014885
05948
83045
40342
13831
106736
120616
27653
012553
104610
82695
62993
14607
80286
0515
96706
111490
121648
109067
93128
7730
62662
60648
65559
39429
51438
68239
91136
07021
97333
03048
107111
84940
10061
012916
204
98808
71607
42615
16801
99782
103744
100089
19121
58321
4073
59590
121199
98261
46025
8471
02283
]
Roles[
0036
0030
00107
00169
00172
00110
00156
00150
00124
0025
]
