Classes[
44711
119443
9252
62899
124813
50062
113294
65909
25669
7365
119055
115079
44937
119232
82623
113048
24326
92833
010155
20140
18035
42506
96042
22202
06140
23705
62426
51756
54977
38726
105658
22688
64807
111707
111139
81823
123187
92860
73094
105501
101414
04380
017594
35591
35881
41241
6321
88980
15269
745
4356
42795
74693
106429
38379
88384
50756
03072
89836
04542
105646
68873
86627
81346
45637
66836
16211
48318
4044
123389
79898
49982
83252
018911
109263
36052
90256
115411
74279
12023
8751
09772
94527
14248
50488
124905
016323
54266
114541
16470
06585
93989
58898
1757
14313
121167
90075
33909
119198
102060
]
Roles[
00173
00179
0027
0044
00138
00126
00135
00114
00137
00140
]
