Classes[
8774
76340
90784
40503
100165
016936
39835
41747
02391
48045
114220
02582
09366
29204
104800
64602
60326
76874
35718
60265
71441
95242
88072
123117
24421
103861
97418
01133
117127
70670
15602
49901
69160
92339
51486
43340
122732
52444
71254
122897
015721
94974
59881
12921
60163
84984
102584
04802
11329
106190
06777
332
17185
32465
52047
62169
014109
104112
102637
9817
83057
77934
125664
81032
55258
84985
53434
27062
21777
012725
0664
01347
012190
120190
017146
114017
95212
59522
74389
55713
48808
118853
41024
05091
42557
80541
23141
98106
012852
015619
91502
109055
32568
100682
26833
85675
121771
23256
017043
104393
]
Roles[
00108
00104
0050
00138
00105
0029
0081
0054
0039
00166
]
