Classes[
112595
44277
124903
41028
60129
017331
120112
55301
09833
014244
91194
015064
103256
23034
100268
29945
26015
80483
21686
84343
255
16069
10728
89421
19329
88077
23944
04280
18269
60444
117010
60950
95341
94033
01428
81925
72683
77368
018309
04125
08874
62429
113431
82771
731
114521
58736
113986
88073
74779
52933
22252
94359
14289
120760
012256
103999
97335
12292
91384
10713
19870
71505
9927
50390
119203
93027
67025
122597
42609
0204
81591
100605
015739
9564
06475
76088
08992
125878
74425
95503
102005
65153
32096
37790
17398
70687
90926
38208
51045
88806
50134
119595
52818
04886
65458
3313
82223
60309
03569
]
Roles[
00153
00172
0054
00160
00150
00139
0039
0050
0089
00102
]
