Classes[
0128
107526
109817
26075
72768
113127
56574
34045
83254
42031
74631
101591
61304
42087
98017
016874
103485
27216
51303
4197
28679
105182
45605
9306
015543
010779
57115
60154
17916
72173
114009
122032
26737
37039
72096
48657
015847
12748
36643
08031
68800
04689
09558
012187
111381
43721
13693
44207
76376
24472
02897
0837
37066
36739
107130
54032
80426
54998
012817
89949
06923
123307
768
54218
016963
71233
0732
84933
51407
25042
125356
04352
125768
124578
121765
115367
8028
011463
59876
2224
67349
103871
21222
15626
118773
92496
015400
62808
29046
62431
99250
76828
82190
29018
93833
3592
017625
45807
35472
1079
]
Roles[
00170
00124
00126
00110
00158
00169
00168
00114
0046
0081
]
