Classes[
16362
12744
81304
09283
017637
59476
18445
01264
37744
13491
91695
18513
01753
84031
24659
115555
53583
26252
62529
013428
015996
41247
95366
12910
90630
94036
7360
105316
11747
02423
28869
49493
29270
42957
03728
77111
100672
017386
106583
83247
014361
98931
102965
44899
011496
40417
75527
89345
95560
93808
14114
11620
12212
107100
111201
49533
010008
121648
95065
109640
123859
102890
06815
103619
54452
121741
29470
90344
013851
65537
11710
107112
114230
93514
010553
15488
59180
041
013816
41024
57748
18306
40369
1152
48212
124797
28715
95061
100540
27676
74665
016076
017714
37875
55463
97334
6904
011136
94890
014991
]
Roles[
0046
00115
0049
0082
00105
0051
00150
0028
00124
00113
]
