Classes[
25101
012856
92993
95171
99638
019260
41926
54431
58850
010896
41090
49276
50154
74202
123330
12263
52419
54223
52383
61505
17941
22638
107612
102195
24657
55718
010926
104575
09715
102382
109032
106360
34449
22512
01074
121297
88555
89447
14430
56238
93232
98250
63277
114242
102624
72823
124294
15104
013225
015344
64771
108216
21788
09508
77969
111738
4105
34602
40286
26236
57722
25732
56450
55712
63105
91222
59270
105581
15990
29150
32207
114660
77923
56930
05699
121163
89280
08172
44965
51392
24944
100113
80037
1685
122757
17293
124540
20666
113822
9270
54732
34660
66214
86648
25465
12060
58187
71076
116831
119550
]
Roles[
00107
00140
00168
0044
00160
00142
0030
00150
00113
0046
]
