Classes[
1914
34206
45663
016984
16955
98783
96166
13570
11866
33146
57929
125229
06878
012110
76858
78349
013169
14699
45609
07290
75050
93164
121803
45928
53224
45366
54263
74435
02197
012169
44915
27293
17845
34685
76580
80084
117218
95339
11321
08126
111137
03436
012240
120026
16300
97991
110481
79474
29187
105563
112802
07787
41769
58639
03723
2335
104370
74121
75797
92114
85604
57682
6291
14486
16273
121337
108618
102014
118941
110324
017005
13066
40921
50987
06867
8014
2692
63289
26365
64203
112449
93074
15239
70674
114149
125099
34069
84178
121641
1528
13821
010637
52692
38554
12859
105082
82509
03796
56075
110694
]
Roles[
0036
00131
0037
00169
0072
00178
0035
0042
00103
00114
]
