Classes[
78686
6982
44965
98237
21054
11960
47481
106585
17983
70489
101470
32654
05900
45914
33896
47955
17230
03691
99660
56925
59352
27100
37975
09779
32462
66354
41783
12837
35959
88244
91345
34546
636
61226
45709
13562
118418
74992
95560
119977
55386
012499
33110
29210
124663
106070
97263
87094
107206
88994
103980
100828
36070
39074
78221
94545
101193
32437
117806
13273
61560
45222
92900
71899
11729
06903
0606
013904
25431
87868
014514
76172
13599
16230
40419
40070
56081
76140
97395
94424
45177
58307
54428
105905
16600
32118
29469
42488
90551
08924
53946
87429
4983
53748
20124
10844
79735
76560
106372
66033
]
Roles[
0037
0046
00116
00166
00110
0032
00174
0045
0031
00176
]
