Classes[
09548
63870
110986
06817
84522
012711
39099
100475
111589
64265
17931
19095
49519
35657
53761
52349
07265
09001
75794
42169
102019
016848
94909
79321
0603
111331
05366
62312
14544
21496
67099
23604
05071
33234
95859
94414
84317
110355
06526
80696
03368
109827
07466
66086
120335
121264
84009
72461
40777
59802
1447
106582
10042
6568
85376
51069
119805
76789
15350
48741
106592
010488
100482
27798
87544
79736
017494
117337
2002
53183
6149
26428
126295
6836
105078
51308
77376
113952
124555
06127
011493
22929
24391
63333
013671
22416
50904
116927
51634
39664
37676
36373
125384
86656
91190
52119
99036
3965
58301
112728
]
Roles[
0035
00114
00116
00174
00177
00156
0045
0031
00135
00132
]
