Classes[
011852
104263
92805
011741
94024
1596
125800
53746
125459
9623
106980
110339
19804
29006
14445
100207
37574
110931
84556
75182
5766
014419
33986
65015
74111
010711
120849
125752
4068
02985
014648
94577
63960
015515
16262
0630
111816
010372
43383
65906
79777
014147
101364
29860
60180
21529
18456
60627
09203
29757
27351
22550
29401
103828
0515
121851
9046
015888
60313
55766
68979
78183
107329
110812
16034
03327
08805
103622
87247
32903
120257
33758
38562
112115
110013
015769
94480
11211
96702
63652
77757
64061
28821
52717
40239
3053
83082
29987
25863
32548
54914
14684
13146
27404
08293
112024
78833
1112
56832
119365
]
Roles[
00166
00178
00137
00159
00145
00126
00167
00131
00138
0026
]
