Classes[
50831
2426
529
79108
94639
107218
4457
65219
93218
107357
106816
2591
25702
118138
84935
51304
111186
783
50962
64600
83763
42911
92308
37859
4823
119505
39102
02439
83533
27657
43923
57808
57799
35215
80590
106179
88801
09685
122410
117476
113621
73901
04884
93823
015780
97560
122695
20226
81136
89248
108796
02763
110255
105135
33265
48239
81006
50321
88029
86875
69140
94928
82456
010047
7471
77846
4199
44690
85001
04712
58560
71298
15558
89296
76433
123664
013546
107683
109399
71745
54664
38931
33405
75868
016736
5132
73037
59673
104299
1909
32429
90788
89102
018194
65238
80963
77929
92899
66979
42139
]
Roles[
00126
00125
00124
0052
00165
00163
0028
0051
00114
0047
]
