Classes[
011485
29966
110562
0731
103931
05241
103464
55027
51357
116724
08848
09903
22326
61772
100147
79220
106005
75750
48056
110061
21543
90895
06464
105844
15802
66265
13663
37308
13098
016759
57689
35047
115770
84863
013203
23049
77783
95055
37297
113490
05739
21158
39327
92559
89621
13253
37170
109789
22670
57418
9137
22756
18999
07892
60904
93804
71927
96623
56700
108991
99648
09132
103209
5671
38493
34276
48574
011855
36385
90132
29460
19245
110539
114626
10678
75659
120395
109267
124460
19390
69010
22020
11710
016152
21636
105989
43970
123570
113235
18655
5176
58072
018863
73970
58547
112378
105090
82299
58516
86144
]
Roles[
0037
00137
0034
0054
0028
00172
00167
00173
00115
00107
]
