Classes[
100453
22604
114898
75161
32796
82531
121140
49723
62101
450
50896
17877
71505
100649
113665
106587
86014
22324
76986
121784
78394
09956
117804
105870
122417
11816
62880
24890
95634
64844
51756
66720
122936
81394
019043
82359
53582
89321
03729
80488
122657
51151
36482
74455
121252
23717
81453
116730
81662
54941
01553
13789
110975
71375
43534
85150
4049
107092
45193
84482
015298
14195
12696
119338
80800
64947
37611
34568
124172
79720
03325
56198
115655
89479
119609
010024
117510
119369
012119
101464
09330
100618
63648
64097
48210
10439
73963
64498
53856
120792
14686
70850
62229
117743
41175
62545
40483
102149
47739
03785
]
Roles[
00133
00174
00173
00145
0029
0049
00158
0046
00179
00116
]
