Classes[
35197
70702
114173
56107
08133
117333
8616
014859
125490
93401
09330
01625
37724
14502
94815
97584
9018
05495
50604
20947
98202
11845
7733
78330
117055
3083
014900
92851
112665
89955
126264
35691
5435
03535
06390
010804
017206
122562
76008
94516
122994
62242
12532
123994
13423
120052
18234
30138
27821
61433
104451
99750
01885
80356
93504
33832
41185
02406
02195
41439
05502
18531
49851
111185
64050
65067
83737
15093
82889
84636
78172
93913
120274
29952
22481
73098
99984
63939
62247
13780
09246
64490
15544
86910
014644
02270
51957
66582
111841
110973
106335
68291
122401
1580
74783
3724
33296
52635
4329
84396
]
Roles[
00122
0054
00114
00158
0052
00116
0037
00167
00125
00115
]
