Classes[
87416
68370
113682
55891
120013
88197
73811
43322
7670
011863
55683
55309
77790
116666
35189
93592
01713
121024
19209
13430
44211
83710
43182
27447
97245
1562
13903
82589
73068
62755
011093
105282
40291
118612
38917
54564
83900
96359
8150
016538
91753
65538
108760
117251
5407
4068
6691
21174
59728
011509
596
68780
36991
59801
44021
5147
116736
07021
95335
28705
104686
53161
17558
05641
109315
47541
011929
05008
016744
84519
20148
06875
43908
89167
3801
016695
94245
54589
81193
35881
78425
111535
02745
74520
61556
65548
76535
19017
64436
73257
20433
93803
25490
59383
51876
33285
99645
15590
86778
015124
]
Roles[
00156
0066
00172
00110
0026
00153
0054
0081
00176
00139
]
