Classes[
67131
10601
69213
67196
122672
124494
74804
22220
1173
77154
015418
120584
108214
56768
104473
106130
91717
101515
61005
17751
68305
77758
98444
26173
014792
94291
43886
25440
109196
652
09350
95480
115746
104842
016386
22339
79612
118572
76398
36288
94364
103279
259
13630
79575
25523
010133
2052
39875
123606
82362
06886
09647
24526
96962
55996
59337
115116
26683
09706
65143
05573
36678
89280
64468
03216
56692
53216
78462
02490
54740
973
111890
61044
45866
54731
64469
018397
06408
016106
122738
88627
88513
94886
48525
3551
21308
64302
109119
111142
24735
115477
325
67397
68466
11751
38698
113826
6457
19779
]
Roles[
0088
0028
00155
0049
00174
0027
00145
0039
0082
00103
]
