Classes[
112249
112645
112898
73247
74239
17238
114426
09710
29601
011810
95317
15795
25084
90350
23479
32773
17618
77358
48840
68397
8469
12203
121694
45150
2256
20836
60811
75911
1399
59460
104335
8565
111040
98403
75366
34760
14624
7601
34888
24454
101317
101134
18712
76101
81107
63233
32583
49430
78480
105987
34068
67421
35910
49863
0188
018668
013601
119411
87034
014916
05570
0541
013146
66810
2251
93703
119700
10856
110624
9945
54631
39003
53895
105320
49732
33204
95805
100855
53952
95144
72376
07989
71337
57496
63489
57772
015431
015468
87465
28135
19843
89699
38936
14563
03689
07738
78264
77736
71507
37856
]
Roles[
00163
00172
00131
0040
00167
0038
00178
0081
00101
00174
]
