Classes[
121427
86847
015528
108499
07185
104019
93065
121360
99960
37919
95171
582
011843
79965
100796
12196
012592
125437
100683
16199
17226
89793
013668
108491
18671
42273
77875
11274
43217
72318
76519
28215
111003
53595
19634
32368
01821
121108
105130
24321
08692
59199
754
26405
70741
71460
72027
03402
20218
20514
53247
06452
111988
20752
34367
32868
49833
2462
08480
126125
018691
08428
118360
49774
42455
5183
279
43587
123405
36852
76057
97754
020
39812
4724
20297
80146
122645
109519
77409
02838
125718
92479
9377
112443
08357
1510
124455
39359
122768
91734
81607
010844
36061
23936
90167
3245
86674
75560
96553
]
Roles[
0034
0024
00122
0045
00139
0041
00105
0054
00178
0053
]
