Classes[
02603
74461
33295
86946
89364
77801
100049
86385
120016
42527
04293
014784
41991
67462
22410
58653
78053
28580
89325
34659
012599
01827
125282
88293
102794
84562
65709
12558
38210
17560
013340
93664
34630
54164
6683
60655
47696
108620
26516
20288
62070
106116
118646
121249
19462
106103
9895
77077
53053
88467
40358
016163
99588
13598
49093
2090
98601
108719
49953
05798
90271
77299
92163
371
02640
88994
09804
106008
52803
125463
47567
105331
16258
011956
38718
53851
87193
24379
106032
4306
109821
79736
95510
77559
08253
4702
14581
82399
54606
77250
39076
113580
113849
61104
76376
118192
113191
19283
103769
93975
]
Roles[
00166
00108
0054
00169
0029
00130
00114
00177
00160
00104
]
