Classes[
112499
113692
92306
89224
98322
82851
97676
87536
39567
55354
5677
109416
107876
121791
9290
05338
0309
04181
56972
12101
37593
5826
120246
23455
94200
110097
4420
2158
6152
90158
18832
11848
110363
48566
33419
115331
112452
89213
95782
47484
75239
14059
13601
06103
019
88831
3171
92562
87375
75434
91475
1121
88133
104442
87209
121141
1674
49814
13990
48214
13773
99215
4071
119629
98791
62689
04255
53310
6048
23808
123904
55658
15507
75152
114943
8824
58383
115987
124404
108441
99572
100691
33916
05306
111913
78858
81615
4131
16749
125048
23402
3944
014721
98509
02613
35442
48923
93668
02492
41972
]
Roles[
0028
00113
00102
0024
00133
00177
0089
00106
00126
0029
]
