Classes[
102400
017001
106572
110563
113589
12564
21655
80110
07373
37912
21079
09923
15968
112349
63525
05495
107862
28809
42391
85278
78647
88321
120144
015345
01320
70505
45723
0863
115798
07391
107590
40440
017242
7989
29954
87933
1168
14922
116433
09674
11282
33520
118369
109260
51641
124515
61693
12338
94455
85667
80242
55228
112459
81608
43412
95796
102051
88383
52940
122251
88411
81777
013194
67896
16096
49109
77589
86583
09726
78022
24331
29721
115625
37626
98148
36844
03377
06573
39021
016407
27777
383
55112
91840
012231
55661
6183
011570
03554
44359
99805
38760
72968
49579
55342
9395
64494
91913
015664
37608
]
Roles[
0081
00116
00170
00160
00146
00177
00102
00163
00173
00123
]
