Classes[
77464
011980
25972
90527
14510
16787
70556
14522
78741
100771
62617
15628
53395
61555
122211
87342
102100
360
71664
01503
13890
34085
15620
125143
3289
110499
4300
111073
91990
117323
103132
016949
77217
64213
107735
85827
4884
64295
45006
011066
44183
98166
13226
88617
18445
76607
02928
05538
45173
86468
125747
57694
57129
85649
32382
96768
016383
50737
124800
21466
45179
116460
113829
10749
19214
12618
102581
98146
27135
09888
012267
43903
80007
123320
4534
24812
76705
19699
5233
1273
21269
8323
16398
16161
12897
09905
018655
100422
43293
126193
118767
56287
011835
51438
120936
02580
016941
111166
75564
80980
]
Roles[
0040
00156
0024
00104
00158
0045
00137
00145
0029
00126
]
