Classes[
62141
14103
84925
012894
20352
108626
105189
63674
44240
117940
84638
40314
48538
103020
109142
01141
19805
53929
4930
54190
91061
122222
86535
18299
015076
51264
108532
10898
105766
106045
54986
29412
85806
126329
7318
117853
03758
124059
016020
0123
38330
124539
37173
57174
104157
76172
03365
18105
67242
86304
6129
16978
36449
019112
38945
017438
95846
27752
97409
28230
38872
63996
84797
012484
015805
61495
117108
013662
110792
92657
05853
85421
8271
84488
59056
50083
63092
108891
6813
90514
102596
06462
74437
82280
105649
97880
94000
05320
11953
104287
62115
84665
100700
20822
114227
80536
104964
117744
017895
125939
]
Roles[
0082
00105
00167
00145
00130
0047
00102
0025
00150
00115
]
