Classes[
113815
105439
015349
110084
115193
015886
57133
09562
10968
105590
45556
88499
07970
91613
015318
47478
36139
97316
7012
88329
87898
15498
35281
89397
40392
15679
113989
92747
08980
014584
119659
115668
63915
61287
111797
97350
23425
107030
90264
08589
32117
108941
92337
23193
63992
015455
125599
9102
5711
42163
73872
06054
65772
123572
104794
011278
82589
103857
81046
9285
78399
81855
70561
014707
72906
18205
28176
62668
10323
61049
99994
34732
12015
7173
08856
08756
06146
118375
47937
07201
17828
95692
35319
114135
33841
12189
84282
4747
58693
11381
114552
108454
39157
85140
120482
9602
58935
21691
015713
99729
]
Roles[
00102
00146
0047
0052
0031
00177
0048
00167
00176
0042
]
