Classes[
100956
101948
88162
120409
012622
017550
34042
20726
113975
27871
49340
117700
91680
47975
2216
28609
17929
4597
46056
82977
01260
91838
38527
94012
0103
86180
27139
73810
25082
92591
118696
08694
57766
013048
51486
2695
33058
26719
61630
91001
66758
017168
49204
010607
104170
15988
120021
104779
90386
32318
66010
92802
97773
92273
76372
93762
77567
113591
08088
89040
36836
66252
42345
17459
97042
74674
93821
97829
110799
4191
56380
8102
112295
015259
45761
76754
68447
315
08418
92440
94575
03407
78601
96848
62295
13001
109892
017923
120221
5977
9801
11717
105282
121083
014054
19259
65812
105979
8425
65019
]
Roles[
00146
00176
0039
00168
0044
00165
0048
0053
00124
00171
]
