Classes[
84518
120394
110739
12741
96061
84380
72458
62456
29594
4775
62920
10843
71478
16837
016231
119362
37700
13482
71811
74052
40252
09565
62437
3566
16600
08688
82138
112543
28349
113168
77105
43488
018654
08335
66578
66936
33788
016778
23207
87716
60062
23135
12919
62271
53079
07448
110902
107229
97166
05633
5938
43478
82329
39282
77783
60894
017170
42290
38325
72093
34666
14782
60246
111469
05072
94217
07398
63849
05948
104892
018203
20008
15819
2811
2928
106289
48052
55727
98205
51787
010960
97214
19590
9431
120887
28043
03824
37593
010342
100045
119550
76359
60520
01118
61498
115204
016708
13782
87684
45986
]
Roles[
00140
0088
00165
0038
0052
00131
00137
0030
0081
0089
]
