Classes[
11270
109154
67290
24066
59354
100253
30173
82865
10108
26396
17733
92186
52431
24052
80116
91190
011774
08304
49444
18909
23927
82417
34780
28911
68728
68408
36284
117035
017539
1519
0703
23566
86075
22085
50541
25586
07490
78015
03078
89132
07075
121271
43514
81531
119466
6145
4335
72216
119464
87642
10683
21228
102319
22754
9888
85271
05899
114500
81788
2910
66611
34472
73059
88340
82045
459
010710
54719
102323
48668
102728
13762
24734
12707
24140
03317
11351
79884
60825
23421
74095
39534
014745
121771
018986
29149
123606
63419
63458
09337
018094
104898
10323
91223
19452
117912
33187
89098
94829
41394
]
Roles[
00130
00105
0037
0031
0045
0051
0046
00101
0024
0082
]
