Classes[
29219
52665
76105
99166
50551
12908
34353
1384
81189
105918
64167
94682
22619
51654
58994
35742
34404
28704
96143
76659
85081
63015
49248
109284
50158
06751
48451
66724
41553
34834
112436
53186
113188
0905
36367
113250
98917
20095
04849
58497
5865
96190
012037
50773
43468
014333
56532
6974
11655
7507
25307
58361
98432
19591
55832
87836
46104
120806
12642
06258
122144
67023
17585
98352
29954
3884
89279
89090
90184
85076
32957
17048
86794
73392
109554
34650
124354
12660
116947
48177
6342
125111
80150
4137
73417
59299
61011
2402
51755
100091
78855
36361
29362
3263
66555
014723
262
14034
71979
51904
]
Roles[
00176
0032
0047
00159
00107
0049
00124
0042
00141
00122
]
