Classes[
08133
413
9107
018687
77462
10008
117698
6621
9106
82483
04486
62804
59345
16083
106047
76092
84131
55581
115268
52066
37825
02122
119626
7489
49683
100858
123607
102592
101779
05805
76708
122625
55102
36761
117680
12012
2299
15046
90867
29928
2162
42372
65968
25649
120007
123474
50199
06368
76915
015533
47917
03009
111823
101724
14342
117853
71589
101762
77982
38182
116965
016494
50978
96439
96704
17135
82987
118986
013253
013569
108881
20774
45887
52009
79147
123079
72721
29000
56435
1538
75695
46009
54180
26123
35631
09570
71436
114324
97351
47601
73817
71201
79224
77042
04723
85465
80092
03307
76771
57283
]
Roles[
0050
00159
00105
0040
00172
0025
0089
0031
00142
0051
]
