Classes[
105973
9010
85344
014414
30155
97341
21787
123094
43424
123043
03543
05505
100365
38042
122443
6717
118479
68865
61313
015632
103233
57790
65305
110664
67475
94875
018862
88167
013048
09525
2212
71874
015565
26977
06478
78789
38098
36768
79443
03091
103725
115162
017
012291
121106
779
85482
108463
09731
05691
62114
03418
79161
58788
63201
48027
112132
07307
015015
95478
23807
91647
56123
121294
79854
14302
120169
4112
71912
96322
57106
35167
121377
67175
5861
20180
57904
013573
24056
53319
103283
123720
33393
77911
73819
17625
56759
13100
013192
886
5612
016025
538
16891
40536
112170
98370
017009
91709
018227
]
Roles[
00125
00102
0025
00106
0042
00150
00132
00123
00105
00139
]
