Classes[
61999
18359
110236
29311
04993
7288
93023
08427
110391
27250
17764
108265
02001
38821
50198
75613
57001
15503
85840
75084
82133
47725
49263
3351
83170
14526
111697
20703
38109
34733
117524
05058
60745
49437
102280
91679
125495
102881
54996
103395
83311
116116
93797
74664
57380
1730
63611
2251
45420
80273
89883
72034
70793
111741
56353
010217
83913
67086
125626
123660
57679
93856
51155
109728
97851
66796
120743
019215
33742
03032
67485
48323
21695
81463
45515
95054
108626
56822
37444
113660
017391
109086
41092
0640
03594
104189
96818
126105
13067
29516
017970
38544
65726
018106
32173
104826
98779
112083
57838
28090
]
Roles[
0029
00133
00115
0035
0037
0066
00100
00167
0047
0044
]
