Classes[
119575
48638
015334
016732
19837
18204
45097
26907
52264
82511
4670
36183
91510
03165
390
115508
49016
15122
51771
71252
56693
50642
121266
20227
0731
79228
59870
64518
37326
115076
78400
017569
10284
55949
014879
125304
117466
75683
79673
63581
013101
99826
96588
61990
01779
59597
43277
012675
56898
87803
44729
76154
73071
106672
101862
57214
38711
91058
29018
65363
80653
45216
96676
83960
33917
04325
012379
011461
13704
118276
34708
72204
75948
109089
06367
01494
34405
87579
104666
20811
012719
34588
73336
111283
017256
101724
101980
37121
113244
92065
015439
012892
24160
29989
105903
66567
07814
83718
18626
0165
]
Roles[
00172
00112
00100
00137
0024
0047
00114
0082
0028
0048
]
