Classes[
7783
8661
100782
01151
65468
96439
40805
20524
011335
110944
58925
119784
41089
51759
99070
76871
48990
107399
76957
12986
108669
23646
93076
104615
97624
57405
83997
07386
9152
018946
23490
108273
2640
93451
6030
3247
012111
70979
85328
86695
52307
8639
121959
39273
105762
25758
65756
97460
94853
40398
52803
39889
2198
19506
82144
55255
07311
11626
17587
116850
118894
52894
02669
7057
80779
71362
110474
24032
111394
59868
25748
114400
71635
89614
010107
8538
1515
03084
80769
47478
017431
93858
120459
122334
80183
35009
89182
39829
88319
104995
57502
1806
09339
75134
60667
96809
13913
3839
106978
111290
]
Roles[
0045
00103
0029
00146
0038
00177
00175
00130
0048
0025
]
