Classes[
81029
66584
116816
86990
017768
05297
01741
66435
108224
04952
119979
29857
115386
90049
40225
011007
32750
05426
107362
1957
52733
25024
41869
53878
017010
18921
2281
123306
018837
18600
114596
24121
91092
117988
125421
65601
017662
54615
07168
48988
65166
22191
74895
122351
50508
51262
23895
44378
120692
80223
20559
07690
12705
117096
88132
50962
101620
51208
48228
28597
1471
988
103120
67174
115352
14943
111862
66400
38197
26988
09528
113092
94959
35025
67287
121763
16275
017503
111540
014369
65909
1980
19097
11104
19505
62817
12409
3614
120899
016893
28693
72389
05867
9669
13198
88737
43617
32369
47802
89470
]
Roles[
00135
0038
00105
00123
0034
00155
0032
00145
0066
00114
]
