Classes[
012219
44062
70441
97202
15172
27505
42395
6997
32906
010223
4879
65233
76758
57254
74787
112880
72131
120342
010523
80636
15962
013519
122620
97461
97464
79631
109327
40333
100233
56961
79194
100576
35154
27866
64729
62217
017936
36567
8195
53822
01519
13052
115782
26840
14464
09606
57246
103445
110982
37647
109084
61546
54278
014300
97168
124136
79850
103368
32137
107399
55823
94877
71960
99948
0105
72882
32657
76686
104134
121202
2702
58053
105743
104808
97398
113671
2064
6083
50173
98792
33251
39118
12866
98893
44437
02738
23581
79197
9704
14363
5033
115923
99093
119592
84886
80362
24328
82296
47847
36008
]
Roles[
00138
0029
00170
00156
0052
00140
00110
0028
0044
0041
]
