Classes[
76519
011919
103800
100206
123053
93298
4872
018712
120628
119692
58986
96821
55380
725
54657
82043
87471
115118
110198
010352
5624
84358
82988
61304
57138
59705
16184
122944
65117
86966
115496
12327
02742
117261
23182
41236
44441
49666
17013
75221
99728
1591
50572
1568
125177
123438
59161
45227
2400
21448
122378
84194
21676
04542
118115
123555
113537
75899
26528
02966
21011
013593
11182
14209
90075
4413
05682
98426
07765
40064
65523
87307
126296
12896
76734
72923
68386
87979
64491
84520
57248
90005
56332
81130
125558
21923
74887
016558
59571
12445
54984
105946
06337
26938
010258
07230
78453
4830
110603
011575
]
Roles[
00166
0035
00137
0082
0051
00124
0023
00173
00141
00156
]
