Classes[
105926
9880
02621
57358
35353
26425
101572
18059
018113
119733
85254
87804
013924
08688
79664
85390
109799
5064
39023
79317
12989
24440
5010
6507
100132
90342
28405
8708
1375
92914
016471
124676
57163
018776
84833
10308
72966
86642
9928
98128
43998
89219
55012
01555
21496
016396
125786
110035
52344
98254
121364
55911
10810
11532
011847
68616
04502
57050
53780
03042
26800
38836
122140
10293
22925
78817
09911
111862
66208
42527
91744
62257
73711
20539
119007
89537
23881
110761
988
98859
19750
68796
102778
117697
941
32207
103165
84223
114200
12692
3417
40781
97531
06833
15055
119532
113970
78476
7542
64181
]
Roles[
0042
00110
00169
0024
00170
00142
00160
00126
0028
00165
]
