Classes[
106358
107738
010515
51547
06925
59219
5356
74893
63322
125978
117724
102525
96733
58042
12135
30041
75099
49026
60737
48991
113618
41192
116532
06790
22240
42723
90981
27043
45229
57288
28225
94272
100965
76975
68796
38429
24678
111671
33306
112612
88704
3474
15761
85977
71817
38923
16192
27036
06511
108810
44321
014084
21736
03656
47650
32705
76656
56690
32237
43291
05073
5560
08238
11921
43928
62316
64343
05243
94718
20150
62612
33516
88454
42199
112026
11249
11777
10961
010494
11200
107546
96994
20810
56941
72452
125383
11149
017848
08515
60205
57685
35833
9359
44590
107673
53112
36506
019276
17471
7201
]
Roles[
0034
00153
00166
00105
0027
00146
00125
00175
00116
0050
]
