Classes[
119717
012070
61594
118420
57895
24081
02713
014476
18286
23344
101268
74097
8745
61665
27425
80722
011708
25373
56874
19984
101637
013593
41710
62453
53232
25571
120748
70810
42265
20703
75743
85724
80236
17011
9181
74852
9936
26170
57368
53948
05057
12175
92151
18201
103691
95986
12216
92417
33146
90338
119579
2330
16114
55006
22743
102104
26080
120536
58611
3868
117906
05339
85033
86597
52010
71880
123914
93781
82929
105876
50101
38245
112849
52618
27546
102689
014647
21697
41277
66779
09022
76043
09808
54295
29257
83454
013447
63700
2018
37477
30173
86556
117203
39956
103729
14154
44496
53728
18004
101591
]
Roles[
0027
0038
00163
00153
00142
00179
00125
0025
00100
00177
]
