Classes[
018660
50789
32458
41188
24565
72371
012008
14009
68867
109605
1226
05283
3614
100155
114128
119130
95082
38691
45692
70912
85190
113005
72174
4381
111455
06847
96613
101153
112554
1821
83268
107618
05177
10237
68594
98764
21907
65303
101159
17728
09433
84910
80698
03399
98302
25970
114698
0467
76489
87901
102609
59468
010849
86684
25289
42490
111807
53830
07203
40300
10067
55045
84896
96697
45544
26159
106464
92857
80483
69164
119723
80012
119636
36922
71401
67425
111273
49090
12863
70554
100345
85973
19578
104848
017603
12035
80954
21572
07802
97400
5974
26271
11151
05497
112322
122679
55691
77507
23748
14277
]
Roles[
00179
0025
0023
00153
00170
00163
00112
00145
00174
00168
]
