Classes[
56706
012095
1512
57882
58764
80420
81868
010954
91189
28254
15891
64646
120719
77461
92110
34886
06775
96785
113046
87562
57462
6681
7688
6817
013324
123044
86144
017131
32458
3400
21926
82481
108000
010271
011511
51314
61159
67297
24073
49774
19584
43593
018262
58204
125684
28337
80757
010291
96009
100277
120559
35504
112559
97670
37382
83508
104930
123219
84387
33002
105709
12770
121881
40523
13421
112746
82210
018837
08449
95699
51553
82473
96510
41039
012457
49444
124786
49422
33185
75280
65721
67238
48536
63907
15608
55722
52354
42876
09188
22526
78033
122798
78114
97747
87271
02601
32724
63423
124823
71872
]
Roles[
00131
00101
00142
00132
00123
0089
0026
0036
00122
0050
]
