Classes[
106904
39273
15413
116234
019151
59239
014079
57886
38924
8076
106899
95712
13017
71597
22831
49396
102533
90224
72932
93634
5868
59553
07791
40702
4682
122263
113105
109217
53035
125211
91973
117279
107439
11551
110921
110779
38728
15468
91255
82504
62874
110905
6222
26163
95717
62221
114384
53247
100971
29802
92761
37015
98388
109371
39533
124612
13513
19253
011486
86047
26433
79148
018096
3277
599
101925
113695
73119
26235
95117
99430
100208
119009
116746
20058
44874
82497
43958
010656
13881
013745
119707
12221
44026
27602
01959
338
95080
50898
98372
58996
38972
53726
018478
59065
14889
24441
57992
110540
5238
]
Roles[
00145
0051
00138
00155
00169
00176
0044
00153
0081
0023
]
