Classes[
41100
88711
124049
119276
78420
05152
03656
84234
14273
99087
71570
61421
49447
21258
92286
124355
83797
117328
15913
53137
2960
37174
113648
101581
85691
81423
04408
33205
17257
9130
84757
54255
07973
73811
43433
22436
36102
108109
12729
39861
101732
17702
53900
60858
012931
18527
123191
10317
7095
52574
017696
37696
19673
81169
16654
04458
21795
55117
06231
40928
52902
79775
64597
124660
34570
02105
53223
018309
108984
3030
83263
59259
60972
07335
06887
111310
57647
23868
016295
107852
48051
93497
23925
106756
2691
014418
23250
117728
26694
55042
018964
016789
53472
66479
017454
88782
41186
67382
83625
92080
]
Roles[
0047
00155
00116
0031
00153
00156
0089
00166
00103
00163
]
