Classes[
76164
33446
83291
122805
35396
014736
26819
36842
013761
125561
2726
89122
28524
97568
82790
57597
114406
014765
0880
61489
122007
34509
14799
65324
71413
100711
17653
116479
12083
107412
40040
63904
88457
95615
47455
55112
42470
07329
06685
95845
98773
12571
40244
94286
113839
98681
21835
26204
1958
11412
18753
111065
123421
015573
2591
39470
44690
14344
013789
02119
61322
99549
13360
77048
01292
58516
72637
21261
18131
73321
22159
41677
63657
35136
121753
08459
01209
62315
02645
89024
95481
121141
2151
27507
51200
42403
97416
100871
34360
95770
105950
19894
13650
66061
20158
12146
96594
9085
43329
98747
]
Roles[
00108
00146
0053
00115
00101
00112
00172
00153
00132
00140
]
