Classes[
67107
103933
14290
5753
124165
96739
68689
89515
74265
117274
013260
102125
56677
013130
37388
90390
121544
53112
72343
73450
118074
69427
08561
63309
09530
26946
29512
94381
04228
746
93812
65452
19086
88835
32496
23135
17834
82513
60451
20818
48966
07722
79771
33821
02657
14128
826
014888
117246
36829
119071
86644
03215
33476
100387
61750
114345
40913
72058
73482
111764
534
98254
26690
51991
3171
91688
97060
72201
44549
71498
49524
47564
9205
1466
96512
4951
73780
45421
14446
03396
39827
85448
2834
015864
37990
65208
123995
56859
101660
33839
56679
114101
124457
64295
4567
88349
65138
015219
18015
]
Roles[
0081
0038
00116
00163
00142
0066
0050
00126
0082
00100
]
