concepts [
215555000
169184007
464305002
309027006
047737
153824004
057838
375304008
090661
443984008
065052
1725001
164446006
0132667
245547003
14307007
0118758
46794001
74314007
0173380
401641000
432408008
098391
132231009
031822
270467002
51290000
426558008
364688007
070296
042825
047395
0149546
034593
465664000
189123007
01570
416403006
08214
177705005
298185009
247166005
372044003
0166863
427061007
294684001
0158163
286418002
296226006
22641006
]
roles [
255234002
116686009
424226004
370133003
260686004
363702006
260870009
370129005
424244007
424361007
]
