concepts [
45058001
415728009
0121434
46373001
31805001
29658002
0162729
087539
167084004
282068002
064280
28771004
029427
370126003
363245003
700249006
112915001
299523003
0166207
0134258
240869004
278241006
702374000
319718008
0169140
114664005
169488004
0104346
0140578
0105865
169007000
034495
13026000
283830007
286305006
20320002
0137592
0109832
09092
710541004
113488008
0157732
469987001
209376006
01913
0101171
702635003
93055000
80578004
413794001
]
roles [
411116001
363714003
272741003
363589002
410675002
363700003
116676008
246513007
118170007
408730004
]
