concepts [
075640
021868
252739000
701731003
302053004
0118639
88233000
166781007
426579008
406623009
0116765
305662006
267289003
713005007
432682002
438521008
115532004
0170232
078477
082074
407274001
025990
0148976
305933008
29536009
105251004
040108
3802001
264355007
369671002
251608007
263367001
072915
228770001
0104259
0163131
422586003
047241
254053006
85066006
4864008
0107596
0114887
10453005
438532008
06903
174297001
069891
43681001
133676006
]
roles [
118171006
246513007
408729009
408731000
363698007
363705008
419066007
410675002
246075003
246454002
]
