concepts [
425691002
32083005
0101544
256999008
096548
78788008
5054005
172318005
056149
0131871
309077009
0118731
88437002
373107005
282877008
0150320
060473
055189
0162473
26980003
82963006
699159006
286404009
284372008
018036
043295
244276007
60202009
21529005
90506004
9885005
0147212
17998009
706887003
039291
042673
322237000
035561
701101003
251379005
245798007
230814004
182386007
70310009
0108507
0152193
010705
0170585
074408
295558006
]
roles [
363589002
118171006
408729009
370129005
363709002
370131001
408731000
246454002
363704007
246093002
]
