concepts [
050678
055845
406870008
0135276
041846
239410006
57053004
310256002
064720
292953004
422395007
043550
43189003
0166810
706976007
89215000
401383000
66274002
370280001
078719
92501000
160319008
0164798
291915006
027720
62221000119105
176399003
0230
0115615
0148743
714029009
390910005
245070000
0174579
0134908
0109324
047435
049884
368918007
074741
073892
263456001
061286
037832
26488000
022426
66070001
0143387
0136080
78977005
]
roles [
116686009
260870009
118169006
370130000
116676008
363698007
127489000
246093002
424226004
42752001
]
