concepts [
111055000
125518002
0110846
210618008
024404
85472003
0107573
172608009
217699002
403096002
54985008
0148579
066162
421398007
210297005
701469007
015631
16328001
707854005
088843
200471007
226313000
61670001
133122005
265387003
183510003
0123079
433068007
708241005
287977004
699009004
443746006
407688007
167694005
69287007
279702001
232802004
312751003
107434008
398809003
0154615
040369
63496001
0136286
041147
39301001
17594002
45680002
0169123
097757
]
roles [
419066007
260870009
263502005
425391005
260686004
408731000
405814001
255234002
118170007
408732007
]
