concepts [
066307
09603
28610000
020480
128323000
372469009
066576
0108700
712634008
373362007
0131414
713822005
707009005
233754007
709817005
364776003
418209000
0128184
85544008
438907004
0134936
223558001
43337002
0149354
306566007
287177000
063831
416200006
045986
248778003
0110542
023872
048385
445811006
0155152
468894008
0125449
241100005
39748002
403771007
0134011
698458000
0146024
09390
112101000119101
0151065
0171794
0129821
24768002
250904002
]
roles [
363700003
609096000
118168003
370135005
363698007
370132008
370133003
255234002
363699004
405814001
]
