concepts [
091631
420496002
301013004
308897006
0117146
346501001
395013008
466064008
0108999
077242
413544000
298776003
447616003
29851005
165813002
80559004
411210003
128621008
0113957
094348
25164004
424763007
098157
053256
0149873
043492
176598005
063031
424637007
2939007
07850
023731
28679009
131995009
449178002
447379005
74056004
91526006
295542008
376854002
057357
0145864
404364006
084686
60736004
068301
054689
427193001
281475005
396969008
]
roles [
118170007
246513007
363705008
246093002
246454002
418775008
370133003
370130000
118168003
246075003
]
