concepts [
0147929
386409003
065736
78545003
0163841
289534002
272746008
360037004
0121804
236512004
448897007
426876008
078662
204108000
122422004
113566005
218027009
068043
130715006
29604006
10620008
121743002
19176007
2578001
01312
31827005
0108071
79674009
410223002
53691001
377547005
0134710
445090007
447465003
415412000
30545007
437924008
561000124107
015107
0145927
295244008
82238003
73831000
293597001
78886001
116901000
079537
0141715
708927009
71007004
]
roles [
363700003
424361007
260507000
425391005
246513007
424244007
260870009
363699004
260686004
363589002
]
