concepts [
281715002
431580002
402299006
0102763
0157850
411986005
09658
0133668
0166411
058311
0156904
274278000
053588
177330005
713074007
020306
110944006
271503005
054436
0156100
0111233
368149001
61273009
307793004
0115635
070480
0100590
421292006
073079
440338007
78997000
320835005
0147679
035336
703148008
347582000
62064005
242737006
36898009
056086
116820002
15642006
3570003
104283004
0160713
287540001
0171077
092528
0123763
249622004
]
roles [
246093002
260870009
260686004
363702006
118171006
363703001
363714003
42752001
408729009
363705008
]
