concepts [
233379008
42939002
713016000
306246004
82167006
068396
058491
087818
233406003
87422004
110668001
093772
158906002
074696
233329005
446825002
0110939
286512003
395051008
407071001
4692001
0121547
183184008
087992
082281
8801005
63921000119108
441885003
427704009
024852
228256000
130929004
312945001
312698000
271260009
278164003
701194003
193855000
0103627
072825
423243008
0101947
068947
236965001
421717000
330798005
0114114
253005
0147678
12514009
]
roles [
260870009
363705008
408732007
246454002
424876005
363714003
410675002
405814001
424226004
363701004
]
