concepts [
3945007
8369000
182410007
407455007
328720003
0130453
406490005
0111921
50996009
85491003
158939004
55745002
010028
90655003
044058
046699
214294009
243260006
063046
208873003
24651006
58055009
295049005
465204008
045044
117044006
03419
067451
401418001
0108263
305295008
5221000119100
38971003
081776
441355004
701304004
386091000
88642000
12553000
062435
0158860
465001005
212674008
237957007
467885004
0164450
121374003
032276
084757
68438000
]
roles [
370132008
272741003
363700003
363714003
255234002
370135005
363702006
127489000
408730004
425391005
]
