concepts [
297013008
279530003
419325003
0147260
370618005
92922003
73470004
470360004
010262
162468002
043545
239342001
1599001
165453008
709030005
50655009
298436007
322118004
13791008
442212003
49799007
698603008
05473
045445
027715
51242007
0102162
134640000
473242000
0108005
235607002
160899000
090271
91068004
408590004
69072008
318269004
114064006
010587
087225
9479007
226809002
431941001
80376001
283631009
52372000
425166003
0106967
0138517
026081
]
roles [
260507000
370132008
363709002
370131001
419066007
363702006
363700003
424876005
260686004
246513007
]
