concepts [
06542
169039007
060054
012372
125802004
52621004
374317002
062256
068512
6212009
55743009
226511002
0131776
9303008
247962006
0113839
445795008
216408004
196819003
462852004
068190
437753000
044404
0106841
179327007
240801003
313909006
202142008
419038004
217890001
039014
0145613
318188002
020132
390807002
109695005
0165570
416766001
037433
08876
704270006
04227
78452004
72429006
0173270
06095
301360004
0124089
245224003
269080004
]
roles [
370129005
363699004
116676008
246090004
363705008
118169006
255234002
260686004
42752001
408729009
]
