concepts [
48524002
037474
308299003
036988
0122810
081113
0173204
374105008
121197005
024167
0104361
122751000119105
395727007
203645000
054771
124605009
1370007
185279008
062327
319695003
106488007
06950
070191
204368006
0129394
87088005
023591
0102302
053321
293118001
60402006
033175
0172079
0141942
0134742
391236001
116576003
78775005
045580
44764005
32946008
0162932
350232000
328722006
0130890
185767007
183853009
0102542
0138411
32062004
]
roles [
246454002
260507000
424361007
410675002
408730004
363714003
118171006
425391005
363701004
116676008
]
