concepts [
466342007
370190003
608876003
0107215
50099004
464929003
048534
423356004
429697006
306722007
250997003
257142005
023130
252882009
0167599
039267
109549008
212079004
280711000
434643000
408355008
070154
114072008
163501004
048249
026117
036878
082788
179272002
0158490
29969002
064666
266435005
0137931
447954001
22717001
244678000
44910003
29456007
707327001
701616001
015533
300276003
0110431
05878
273036009
422215006
117403001
158944006
314221009
]
roles [
363703001
363702006
246454002
263502005
363698007
118168003
116686009
363705008
370135005
363713009
]
