concepts [
077343
282458002
431194009
421822009
121281008
034507
0170339
106272005
0144903
210950000
126911008
23588007
037714
425518004
391871008
0160106
443669001
0144575
278586008
88473009
0134408
20164002
081618
55908003
039854
048772
313746001
62759001
295621000119107
093342
0132748
46670006
078522
0146064
710828008
250432003
438829004
20510008
08323
366213003
0122804
019407
386318002
200661002
239419007
401822001
0119250
4073004
247226000
085732
]
roles [
425391005
116676008
410675002
408729009
363709002
363713009
127489000
405813007
424876005
370132008
]
