concepts [
067830
132947003
698810000
363680008
115963009
427922002
159617006
409284005
69086007
0152503
256315005
38271009
16221491000119104
283998003
118455003
363895008
711219006
446031000
069519
71451001
311932003
373021005
466483006
0136999
050583
423780003
313164002
020934
033407
166926006
0172542
164682005
078173
105516008
0164686
255202006
066859
321664008
88556005
68669008
165320004
0128851
283273006
310152006
0118603
252276003
400839007
063013
0151540
092792
]
roles [
363705008
405813007
260507000
363589002
408729009
246454002
363700003
425391005
424226004
370130000
]
