concepts [
0146365
163178000
291968000
248702003
0145310
023846
117904002
442477002
0117914
264890006
4462004
705569002
025258
064396
712709004
0105479
063097
027597
701856001
295190006
133817008
259559004
704643007
0136336
60819002
107093009
257105003
031406
0141339
214790004
0157459
0112864
318586009
0168885
0110441
035507
257181005
701151008
094757
077798
025277
370919004
070240
395842001
02474
169228004
0147757
0131072
463102002
87367005
]
roles [
408730004
411116001
272741003
363710007
410675002
425391005
116676008
370132008
246454002
405816004
]
