concepts [
418330007
133810005
125072004
0104019
276612004
0139315
044433
013777
0159332
062345
055653
22193007
0133074
085392
419234006
078922
310218003
423793008
469387005
366688005
427830002
183436007
0140100
021090
0109749
0138467
0156345
31073008
299034005
240781009
698486008
211020001
8214000
360823007
094812
368433006
0102534
427270000
248219002
01666
50247007
0112105
70332000
287764003
059006
247708002
06909
391932009
075588
091308
]
roles [
363705008
424226004
408729009
405813007
424876005
410675002
370132008
47429007
419066007
246090004
]
