concepts [
42536002
256829004
66621004
036520
085353
034220
79390004
245575001
421636002
7938006
089773
465165000
438988006
170484009
8642005
344130000
303855002
368199002
0144935
116378003
0111746
019012
707041004
077799
281837002
216179004
069991
0119640
61000119108
182093001
700514003
229179004
364028005
87217001
370401002
369033006
391917002
434788005
109050002
448164008
81560001
1959009
395329008
071338
321963000
0105346
066335
0144168
161462004
448185008
]
roles [
370129005
408732007
363702006
418775008
424361007
260870009
118170007
118168003
363699004
116676008
]
