concepts [
82874003
72373009
068107
449320003
173019002
70789004
58391000009100
011844
81005001
50421000
365137003
037576
66150005
018548
246043001
084287
105256009
6553002
79880003
255497008
462197005
37770007
232382009
426734007
168572009
0158731
405692001
403075009
250156009
0129653
051755
249976001
28133000
074894
0101415
12052000
074246
78529000
322692000
3795004
426555006
710477008
0125286
066640
400137006
0173977
31450009
406171005
015001
078048
]
roles [
411116001
118171006
418775008
370133003
255234002
363589002
363701004
363703001
47429007
363698007
]
