concepts [
0119893
053146
405499004
240542006
0137131
0174517
362749004
0157780
432677009
399402006
062190
3687007
0110852
296190000
02949
073333
11315241000119105
122196003
133886009
411656000
50533007
310571002
206567004
0143549
0119222
53217009
174619006
0139291
441356003
062963
0155648
187528002
274621000
059882
13987009
020900
2304001
444873005
433525001
013547
0131841
0155597
024288
464301006
015570
416351002
033159
325072002
90496008
81458001
]
roles [
363703001
370132008
116686009
363714003
408730004
363709002
424226004
609096000
418775008
260686004
]
