concepts [
294956008
331334004
063308
239213006
068638
232530008
363461003
0151696
0157922
0115394
044703
296112009
0163542
091766
94110001
054425
0148495
09694
034215
417322008
237486002
371547003
059527
118752004
711192008
199780001
308978007
0122076
067857
293913009
274412005
110183007
112827002
0120047
098321
0126816
80005009
314083002
0133111
16555009
096799
267257007
0144615
0109412
0132365
31255002
470354004
284992009
0119779
249015006
]
roles [
363701004
260686004
609096000
419066007
370130000
370129005
363710007
424244007
47429007
424226004
]
