concepts [
118498004
0155093
384898008
0159409
13236000
077544
713932004
041516
0128889
023268
042523
330116003
433688005
406599008
362461006
462997009
159424002
365716004
052378
272414007
131707002
176425001
03054
130342005
365324006
285406004
65608004
368264006
24966007
261692000
400991008
941000119103
0135855
022622
229368000
061918
0162314
247592009
304532001
072664
450799006
0169506
360886001
115182004
0162416
0147473
0155370
0121044
02990
232165002
]
roles [
363700003
408732007
118169006
424244007
363698007
363709002
424361007
263502005
246513007
118170007
]
