concepts [
70349007
223616007
52965005
238048001
0115571
28715001
0151113
0121758
428809009
445632001
077510
025532
68279002
240701006
53252001
018851
11925005
78769001
053456
364157007
0130823
0108616
290641009
030024
45193006
036578
0106199
397021001
275242000
304915008
020880
702439002
318041004
402290005
68911004
291120005
700371004
292763000
237019005
400416009
38056000
387871001
427058006
76244006
0158096
75720004
178841003
071269
707404008
6651008
]
roles [
118171006
255234002
424226004
118169006
370131001
260507000
363713009
609096000
419066007
424361007
]
