concepts [
122107001
83262001
441608000
42853003
128348002
364052003
075521
0138378
83534009
424319001
068742
0149750
0142474
232321004
10133003
9008009
71197008
374835004
099839
0154668
714792003
056440
320789004
210889007
011566
027945
093764
0173976
300210001
396694007
312732009
053321
238973003
26263005
0134259
322343000
95973001
0162723
0137512
310098005
092146
443514008
078135
161082005
207925007
0112069
256070001
0169456
098065
432396001
]
roles [
260686004
118170007
405813007
363700003
411116001
363713009
363710007
370130000
424226004
246513007
]
