concepts [
0125674
449444000
4789005
0167112
096337
015640
033559
030325
440894001
423300003
0787
240781009
089810
211059005
031610
05520
85679001
370811002
079462
78454003
0160861
040615
295818001
80973000
069589
013479
472753002
415189005
0158973
121518005
76630008
427965001
03898
306576005
161621004
091724
082183
365705006
372972007
700219009
249905003
099503
14096004
44197003
300878007
163350009
72514007
387515007
398004007
404939002
]
roles [
424876005
370131001
370135005
42752001
260686004
272741003
609096000
405815000
424361007
255234002
]
