concepts [
0127457
347576003
047172
027614
177312003
69237000
117696005
1476002
0102717
304085002
235966007
424439003
323239005
0151573
292513008
24859005
237726001
086869
369037007
245557002
121810009
27617004
011216
433498009
015509
698490005
419993007
066027
271031007
071715
269772004
425149000
029201
0131851
463881009
448799003
397226003
261671000
423034008
23472005
033015
068069
281816005
699367009
193474002
40562000
0134510
450376009
0148650
038685
]
roles [
609096000
246513007
363698007
370135005
408729009
127489000
411116001
363702006
363700003
118170007
]
