concepts [
314193007
03601
273231006
368943001
044996
295836001
036202
051947
289925000
251525000
245730002
439583002
290390004
430582004
121355006
0138559
47369007
713419002
450958009
026672
0143771
067640
704785004
104540009
166803003
227297009
714529002
432414001
0125413
081244
102921008
075692
0128497
13770000
713983004
20701002
167967008
9407005
113421000119109
208975006
0137217
0167502
087812
271779006
15038007
16867004
119698003
07346
369535006
91737009
]
roles [
116686009
405815000
424876005
363702006
363710007
272741003
42752001
118171006
263502005
260870009
]
