concepts [
433330003
198662005
246683005
3242001
703928002
39500001
015094
410089006
70257007
0162445
79120002
609035004
21327008
069474
37470006
77831004
070676
232288005
0124766
0101181
243062008
370303000
96036008
371664005
429717003
024316
124050007
161466001
36059000
412778000
400917006
249164000
032954
019092
055670
398066007
58163007
173938009
49133004
250833002
282834007
130196001
021567
28818005
17860005
18378006
281734002
281923005
011596
0119209
]
roles [
609096000
42752001
363713009
363704007
363705008
260686004
118169006
118168003
425391005
411116001
]
