concepts [
284986003
609327009
24335007
299346000
0124615
470644009
026946
057939
115583004
094294
30159006
038041
70900007
184130003
083914
024520
018442
0169098
1822007
391024003
416667003
0101240
396591008
0154865
185975009
707200002
46437007
389263004
60504009
56478004
070339
94086000
368722007
08240
418838006
54070000
42528006
703352000
0129357
01584
233016002
126240004
0127726
0133741
37036004
314042000
366350004
71214009
6909004
0127380
]
roles [
410675002
255234002
118168003
408731000
419066007
272741003
263502005
363589002
408729009
370135005
]
