concepts [
091010
245366004
064247
226052001
068625
468773003
285533003
0147672
250498001
12881000
096466
0143012
013723
698558002
94940000
058159
0142504
021773
433885005
372284002
299813002
440024007
111133006
412148004
271518006
2265000
79620003
079038
295781006
160741006
22300006
0116685
333979000
4038001
87905008
0132257
298332008
372553000
261492007
253078004
396989009
083690
133207005
118641002
120217006
87252009
059159
079802
368845009
179128008
]
roles [
424244007
263502005
118171006
363701004
246075003
127489000
410675002
370132008
405814001
370129005
]
