concepts [
0869
0149525
0168795
113416002
0116984
22179000
438995002
0117479
104133003
079291
108290001
77221000
392513007
050330
077691
085627
68033004
080405
29196000
0169292
705773001
048513
0157157
252499002
015524
0170972
202761002
126914000
04517
0152763
76327009
160327004
174343003
076788
377400004
285878009
81022004
0145880
0125657
0168293
82353009
225603005
246123009
068734
13053001
044211
082926
71417000
07673
236305007
]
roles [
246090004
405813007
363699004
272741003
118171006
116686009
263502005
424244007
363703001
405814001
]
