concepts [
293224000
364580005
63921000119108
286182002
185770006
12304001
0119292
402328009
443512007
26981004
0116870
702022008
0125902
10984003
0118807
421594008
098424
069605
084776
297405002
039269
028677
0159858
293227007
232808000
91854005
294209003
23896006
178703001
6087002
262150006
070998
104878002
0168254
420375005
27592004
253362009
0160203
020011
0149889
169282000
8677005
468231005
0117368
0162608
094685
0146535
376631009
245959009
31735004
]
roles [
370132008
408729009
260870009
424876005
246093002
363705008
263502005
246090004
363703001
405813007
]
