concepts [
049161
712865002
0134378
098803
2811005
055388
0149097
428377003
261750003
053492
272177003
0153118
420977008
118292001
056363
398053007
306115009
63087008
224987000
130551001
48014002
185674005
714693001
443388000
407822007
039328
404084002
293916001
232029005
399538001
291324006
016018
021797
375641004
239488006
1774000
0144475
0165225
446885004
172618004
65995008
0149560
707263003
064663
046261
029563
049057
305644002
57674004
063346
]
roles [
246513007
370132008
405814001
424244007
425391005
363589002
609096000
246090004
370135005
363703001
]
