concepts [
16354009
375325008
16513000
0121041
277149000
099681
017649
319645004
0112237
373611003
048516
424917006
0140660
301941003
052314
114240000
0128025
300933005
0134745
040741
242135005
93587007
125119000
204933003
22198003
49724009
23785007
0124735
372640006
021079
011623
1611000175109
057600
285943005
113129008
395435009
88457003
404264008
6192003
291125000
705104001
085966
704833006
4108005
120241000119100
0148227
065996
292291007
264785004
228498004
]
roles [
609096000
246075003
363701004
425391005
370133003
255234002
246513007
424876005
418775008
419066007
]
