concepts [
096143
119227007
238871000
391007009
053403
401764005
022925
0172147
026156
290817008
06660
0116413
288394009
278636007
080466
155136006
0111020
087631
0147218
712594004
096877
704238006
0105011
125715001
419354009
133247003
0107965
054592
285518006
33169001
054920
368368007
0164245
707482009
440500007
0141924
162972008
13150000
289901008
707210006
06749
441417008
51723007
335380007
310116007
0152070
24077004
242440007
0114255
070522
]
roles [
363709002
405816004
118169006
363700003
363713009
260870009
424361007
405814001
363701004
410675002
]
