concepts [
702811005
179393001
026406
428282007
314484001
458109005
61618002
702636002
011903
102492002
020952
184110002
301936006
313100009
411148002
226489006
0100637
421417004
06383
289087007
0111321
421639009
088136
0101857
94757007
83477007
094634
022999
370440007
45759004
07799
441776007
11196001
0174744
275560004
0158360
298664005
0120115
247878007
420614009
58658007
698707001
163341007
359733004
4843009
272715009
324011006
60483003
89712003
276511004
]
roles [
405813007
370130000
263502005
246090004
363700003
408729009
363701004
408730004
116676008
425391005
]
