concepts [
411276000
9374001
415671008
192769002
396183009
09381
025083
328724007
0173123
030037
327998007
432656006
425626001
704608006
291695008
309458002
444030002
261241001
77193002
039568
466142002
338295008
065458
14220008
399663008
058184
267783003
027528
274895002
038707
322366004
011491
0169647
090099
127459007
169621002
210848009
085725
465807008
67045005
364112003
0135617
045893
290541003
217699002
04365
061235
34500003
0125797
182936009
]
roles [
405813007
363703001
424226004
246513007
405816004
246075003
363713009
370132008
246090004
405815000
]
