concepts [
0117684
198718009
45735009
23436003
036513
073547
0138580
0107916
036541
095041
315637000
071130
29436006
302509004
028217
073601
8804002
240591000
0148467
225484008
187861000
276644000
016226
0164300
0110315
014433
290135001
434347007
038834
466169001
0168108
168040002
81547007
064169
448124009
229678008
0171478
430712006
14236005
286008003
063339
388898004
239586007
057995
35310003
07464
54038000
69166006
438048004
0147820
]
roles [
116676008
370130000
370133003
408729009
260686004
408731000
363709002
118170007
411116001
363700003
]
