concepts [
070801
293462000
096035
115340009
227690004
088738
243465004
438600004
185220009
0115323
702375004
06969
0152173
044580
178953003
0157806
185835000
17172002
130776003
0132857
286375007
306360000
53434003
125564007
113189005
0111080
0149680
247189002
0171788
2055003
713974009
373665003
129466003
708993003
046655
0163865
091193
067638
79063001
028837
243263008
227899001
018913
0116669
32340007
418228007
039434
392191002
73916008
0105170
]
roles [
246093002
363589002
424226004
418775008
405814001
424244007
363703001
263502005
405816004
127489000
]
