concepts [
415382005
64395006
079232
45543001
116138001
366640007
029654
71456006
090154
0114172
427819000
438958002
700723002
464686005
264027001
44568006
058918
89557005
422786001
47436008
1555005
90221009
305779007
440030007
307321009
09972
232455000
405192000
252350000
217953001
96342004
061363
438712005
51444006
608869008
89708009
063312
023668
040864
306865002
014178
059050
0142815
0117110
109866004
020198
0134226
168382009
051816
075365
]
roles [
363699004
370132008
408729009
246513007
370133003
370130000
609096000
370135005
363701004
424876005
]
