concepts [
0117418
056290
309739005
304382005
385398005
235989004
448009002
310287000
072229
275521001
116379006
67858005
293587005
0126724
12709008
304297005
064852
024934
118180006
0122411
292524005
698405005
699627000
053085
318006003
0162155
353659004
29921000
24728001
44035006
20752000
05322
225907008
27712000
042040
230936002
0114902
181721004
182480000
394683006
4262001
034014
11693005
39586009
174638002
121588003
308325002
353922002
277213009
0111514
]
roles [
405814001
118171006
370130000
363703001
424226004
408729009
260507000
363700003
263502005
260870009
]
