concepts [
369433001
22062008
397998001
38586004
407907003
46449008
90226004
0161044
701832000
36824004
66316006
50215002
242196009
89795002
32222005
0122388
081993
5381000146104
083957
182114005
035241
031335
116612002
0137823
063072
050525
290084006
88250003
0102986
0116131
171071003
306643004
15800007
182376006
0118236
165680008
17519006
069518
082147
43663004
715131009
0348
129593003
099964
714498000
077302
0132668
0146990
065190
702867002
]
roles [
255234002
246090004
363700003
363703001
418775008
363709002
363704007
246454002
424361007
363698007
]
