concepts [
0126625
307553004
89195005
404266005
0115450
49010003
47262001
058563
203296008
040332
114228000
128764008
094606
254024005
0162287
283796005
430874007
242609008
241837001
709347002
0136660
248440004
0127182
1085561000119105
0121727
017787
16497000
386918005
029771
312049005
0142715
301300001
463246001
055407
077391
027494
042128
397722000
705384005
121052003
286303004
95129001
66460007
259057009
0128112
273654009
313933000
082206
0161390
31531006
]
roles [
246075003
246513007
263502005
425391005
363710007
363699004
363714003
408731000
363705008
363704007
]
