concepts [
128995005
388775000
79081003
401986004
109795003
300665005
36346004
0174460
701380006
420352003
364072008
117300004
65635008
1085591000119103
0133579
0136335
85710004
0111209
396368008
327122002
245240000
4592006
082265
255348000
208923002
0124060
15257006
420618007
56100000
466096000
029630
042174
285631006
162373007
024987
0104264
178711006
369291004
88802007
0119193
461412006
424275003
046397
42795002
272156001
038829
029502
29532006
77118007
367583000
]
roles [
411116001
363702006
424226004
363705008
410675002
116676008
363703001
118171006
363714003
118168003
]
