concepts [
233972005
287824008
065552
0108632
02533
0145922
021610
0141790
107165008
034435
132142008
73203004
266570005
0105367
445498009
084961
92671006
80224003
02481
036790
418136008
609603003
304414004
83776004
20312004
039712
057346
404650002
307035003
307070001
0125105
0110743
62281007
63568009
422798006
416793003
084305
699666008
402131002
7829005
103482001
013525
233563006
172899005
062791
411164005
0134213
050607
401133001
241274006
]
roles [
363699004
405816004
408729009
418775008
263502005
424876005
424244007
405813007
116676008
370133003
]
