concepts [
53220001
046627
225732001
279882009
70207004
423659000
312166005
064136
0127496
69889001
0172871
236268009
416207009
4121000146104
027319
386375006
054044
169094004
301492002
125429001
0140242
175400000
0104297
427324005
86333008
15463004
3529000
0148532
468609007
124361005
83184009
398004007
50253007
113374005
0137921
6444006
0133285
114313002
228973005
057529
0128832
297048001
0166038
55498000
201666003
082917
0159765
250589001
239492004
0171823
]
roles [
118170007
363698007
609096000
405813007
370130000
118171006
405814001
363705008
424876005
363700003
]
