concepts [
362023002
0141007
293758007
093009
03932
708971008
189565007
043194
274203005
429287007
311473007
160109005
208968005
419678005
359565003
130365000
252723007
169598008
0119831
126655004
0103253
044890
0151306
0122498
050054
700682002
016900
366560007
105511003
0108835
171679000
0165501
112581000119104
391736002
0129251
409149001
0164530
022118
059795
289107006
6405003
291071005
118414001
364080001
90532005
408106005
067885
0173680
092513
105434009
]
roles [
42752001
370130000
370129005
370135005
363710007
609096000
363700003
363703001
419066007
116686009
]
