concepts [
084003
112487006
318644008
027097
159205002
031400
033633
277338002
257589004
236720004
446166000
0137357
231787003
080842
0117874
244885004
698046005
216486003
94019003
029783
301390006
0132266
267076002
071434
412279009
256142001
430380008
414278000
705464005
034931
053189
062603
0138094
19023004
263457005
363453008
410730009
0115057
252457003
102560000
07259
296186002
238045003
065822
066900
275313006
0151396
4449003
0168254
434760004
]
roles [
418775008
425391005
405815000
370135005
363705008
408729009
116686009
260686004
370133003
363700003
]
