concepts [
102394002
236982004
095457
0113535
052806
369274003
10439005
65048006
088780
83078008
403235007
086248
34048007
704541003
272598007
0174532
038573
013042
03873
0107314
240784001
0102633
164331003
0165009
062184
319766001
0120184
210441009
0152703
704891005
122157009
0122989
0134360
2473007
406245004
057864
122682005
056576
226029000
178881005
096653
702059009
0132802
183623000
419728003
0154888
0138159
278814007
024240
446810002
]
roles [
370135005
263502005
408731000
424361007
260870009
363702006
255234002
363698007
363699004
609096000
]
