concepts [
0138392
362209008
0153341
064733
030035
263072001
257893003
0165726
047353
229968008
407204002
069723
290604008
444554000
30871003
034406
367767002
127431006
37282004
0173324
609397002
472007
0143950
163081008
051780
090535
88383007
4236005
46020007
252571009
131598001
049827
0107722
025182
1033009
0118823
5781000146103
457978004
6769007
060949
13937002
43334009
095228
0100152
394571004
371545006
309952006
026635
01666
108365000
]
roles [
246090004
116676008
127489000
363701004
370132008
363704007
246513007
118168003
408729009
42752001
]
