concepts [
0143113
448606008
25437005
415801007
0138532
87361006
098842
374699005
423955008
369265000
305412005
425523004
225135006
076030
0170390
96370002
0131270
19262003
0160505
080254
077053
450392004
89870006
286059002
064274
19937005
429501006
035582
047237
15182000
427244001
247041008
447093008
705335002
96010001
449789003
079438
209362005
031742
240234009
250815008
0161366
095422
0170574
31693001
706314007
366143008
085281
402978002
430998001
]
roles [
410675002
118168003
424876005
260686004
246093002
370131001
272741003
419066007
260870009
47429007
]
