Classes[
61847
9510
20630
56502
2914
20507
30134
63601
11666
79439
010346
3970
68341
18462
23552
117455
70824
9599
51697
49909
1441
35879
22974
015582
88208
24614
68818
52484
53785
123482
47534
113156
64300
72405
114219
19934
5041
03518
5835
1192
6491
75835
16773
99731
123996
124160
89873
65163
116876
81417
114544
23015
53092
123669
41242
23477
11593
124980
68947
87075
016861
61003
59122
50365
105141
59133
70967
72125
125365
55014
112296
01370
017674
08158
111554
017815
45759
012237
07530
82658
191
32571
114837
24309
6212
015979
018070
85916
2683
238
39082
117532
106968
29816
68902
61338
08124
12700
65335
104966
]
Roles[
00166
0081
00126
00115
0046
00139
0036
00172
0029
00104
]
