Classes[
75487
27411
67398
79784
62105
56227
75183
29945
68728
99397
62685
58859
75351
79223
25606
017056
51777
22421
121507
118335
20708
79983
34507
84193
26123
103297
02121
19994
104060
48470
76716
014854
57991
65128
107209
2852
77581
98375
62221
53055
54382
68768
99438
018672
99872
80205
54539
73791
86780
125488
63325
07774
0356
9666
04713
60817
50953
34420
11544
48292
32661
74017
13257
5306
52090
74796
123776
92494
114253
60180
82695
83386
94555
113256
22819
50213
51655
96023
20641
63751
01926
44935
85838
111007
77047
20838
55938
9854
103196
93105
87966
64924
66937
07163
21648
87134
90496
108326
116114
116166
]
Roles[
00103
0029
0050
00124
00132
00126
0031
00101
0028
0051
]
