Classes[
96899
44475
73397
104253
68968
102734
52399
116987
65831
88597
125944
51071
56094
114817
23316
124042
111422
124922
32813
12329
013023
114020
56920
59808
13151
28048
121852
011631
690
7554
88634
116471
17042
017879
71821
27596
14496
38193
115405
86462
35914
93561
113278
76155
33833
44282
3071
11450
97721
94021
111919
27751
108333
111494
116564
107137
66398
05866
24323
012250
8395
61132
36915
34910
14952
115274
119548
45397
56909
82361
27406
110538
68409
56662
99296
123036
114187
42281
19338
7254
57618
110027
5942
94196
2909
70626
018089
40206
53694
52270
21141
94526
112762
3010
110289
37752
98735
86790
13118
89591
]
Roles[
0041
0028
0053
0047
00106
00166
00171
00160
0072
00102
]
