Classes[
84203
74401
99290
51525
118926
34469
014096
20048
47497
116731
103937
76349
78203
35616
45814
55507
47536
54564
20401
17365
108132
109001
017571
98221
126333
79286
08453
63651
09789
114212
80735
45076
7299
106497
018610
119584
112386
119615
111829
18107
29606
010822
68275
115549
95496
01058
03233
017277
109296
11651
69105
99222
88424
44415
115301
47965
20165
012957
72666
76668
50064
122560
34441
012353
83354
23360
106009
97637
116947
118117
50030
12945
117705
012260
107689
123612
105852
018852
78335
102049
012670
79834
24603
89635
010285
97362
909
77492
78204
21555
8470
58419
119403
64738
3087
115251
08341
21635
71755
19880
]
Roles[
00160
00131
0045
0028
00174
0044
00114
00104
00155
00169
]
