Classes[
51941
06790
010203
9175
07878
122280
48977
74612
6282
72473
106276
64294
75825
49131
34544
89258
12035
53757
91970
78334
118189
84236
71519
014814
96787
12794
65153
121324
59541
49609
32422
06150
06421
017396
21607
111806
108539
18355
51294
56765
111077
97154
56309
93382
50809
016080
85479
32360
79583
07163
76752
86389
104753
124999
09885
89038
125455
41011
38798
13472
49530
84790
81558
55082
11809
91369
110527
73782
29956
25454
08384
90211
124759
011084
12120
10347
19667
91035
120850
07460
116154
64854
013360
79082
33082
44877
43511
89042
101015
93095
90571
018013
44500
10613
66622
106441
103047
8563
37936
54454
]
Roles[
00112
0040
0050
00142
0054
0032
00116
0036
00168
0027
]
