Classes[
89157
33081
108832
37023
72818
61293
102053
34827
40229
82811
91153
90051
51502
102297
04175
33761
120624
55249
23374
53180
24810
89518
89817
116153
125130
07598
18944
104792
69018
13229
101966
35735
014658
20817
54787
1258
86203
101462
36273
59868
29445
100138
37481
54703
116035
117298
124917
02143
94371
115167
45312
14657
05813
88054
111404
55431
32173
18283
02164
93088
2815
014663
32460
98566
59381
7602
22179
75810
111742
19869
012403
50293
52088
49814
117726
56138
9359
52642
12138
48055
42693
14070
37842
0770
019215
34268
96574
52879
08346
85284
114856
108197
100984
08941
50965
87472
013124
112417
110602
41799
]
Roles[
00114
00158
00168
0039
0038
00126
0066
0035
00101
00137
]
