Classes[
101009
89173
23036
08003
25407
33086
85104
14583
16346
79655
92209
120404
02047
08605
125248
94233
32562
11180
15799
102844
4161
47579
12404
45822
90333
60396
97107
016349
07710
103290
78357
110832
3545
97942
104564
759
11702
07867
50573
43572
34228
74323
96941
28065
83608
015876
2091
04160
80630
107690
91913
83856
100038
20473
102938
85848
058
010503
27263
015261
2483
58092
76925
52563
53403
72607
116493
120001
59635
10944
66659
6565
3363
54051
126220
96891
09067
112265
53048
39057
73256
29893
120129
18046
73242
8254
75435
123377
016348
81408
85715
13270
6291
57905
14145
45123
8988
715
106437
99701
]
Roles[
0048
0036
00155
00142
00110
00177
0040
0027
0026
00146
]
