Classes[
016709
25347
124185
45052
37374
09381
72732
29150
014067
77045
79449
66082
111425
88484
60188
52172
79526
87440
80223
45810
08748
101152
10816
07946
112243
20387
01170
23993
54377
118036
95315
1617
64405
4512
62094
29749
107070
41796
26701
7358
78488
41746
30161
015055
35456
76649
103911
117895
113290
41536
011427
36028
70946
010862
35676
49973
016151
010730
05677
71432
70480
71892
77644
70668
06705
57751
50626
24876
80949
68322
43486
115973
103706
011564
24485
05373
32622
75578
015190
106998
73063
108640
60644
24130
18971
111031
103833
30132
118621
34824
35696
82277
014974
93088
98379
71850
33779
76418
49404
93716
]
Roles[
00165
00123
00133
0031
0023
00124
0034
00131
00135
00114
]
