Classes[
109063
3315
62719
07801
57963
26389
61441
24171
019164
83481
89814
78619
105651
73063
76596
6634
21913
013458
121212
114890
108326
09057
87112
018688
45415
19062
120827
08244
104456
97072
123256
54851
50942
65393
40211
018295
46040
115948
2597
69261
010264
13957
92331
018137
6419
53575
95314
017958
016142
109806
70963
013156
97774
123523
26202
019146
60042
017355
121916
010102
121484
013377
16242
35670
01201
45842
88653
85923
23276
44201
40358
96496
28066
11572
42493
113565
26265
76544
114514
25987
93118
42584
68262
05028
78545
12150
71777
85586
38634
22186
99796
74602
15277
80214
100100
32250
35814
107070
100032
66062
]
Roles[
00176
00170
00131
00102
0036
0089
00105
00155
0025
00141
]
