Classes[
59179
017042
81670
06548
012432
09620
112256
25398
110919
78046
98669
16171
97595
121746
123606
122305
5863
98038
66116
111684
104079
24773
96129
17699
124576
4832
61886
49315
66138
36743
111299
37950
25321
04841
26514
4921
121519
56239
9580
23962
114465
018143
23901
57371
47905
48750
68492
14464
20893
36842
3024
100700
114039
22724
74104
14794
111439
43753
198
43323
89479
017642
63978
98535
35189
23185
32535
21469
015539
01055
122463
96143
92557
15904
1248
89514
012772
109286
94171
07134
014423
73253
58451
74426
05500
08129
73278
51150
118448
117502
010689
110353
03119
71712
108710
109185
102740
15247
99373
114704
]
Roles[
00137
00179
0054
0023
00102
00156
00140
0048
0029
00178
]
