Classes[
96253
47746
014276
119549
33466
07664
41860
80534
75941
75706
29862
109086
016247
05670
93557
39864
113964
33544
86082
75195
125265
97781
22832
3655
08349
59735
118342
02295
113737
112288
25056
28420
62979
91871
124302
24071
39720
92838
57116
018070
80537
01992
45869
77359
122861
111619
03566
122881
23788
71024
15215
10081
72439
82665
50083
017012
1876
14314
45680
104202
32786
107292
10668
19999
1422
23051
58447
33003
85403
4853
122705
19885
11318
40191
53847
114879
103446
16143
45936
10691
43489
12640
014594
116458
87656
83567
26558
08542
124374
7425
010644
02305
109716
17357
115261
115257
84537
48958
58540
4145
]
Roles[
00102
00123
0089
0027
00177
0028
00125
0052
00163
0066
]
