Classes[
016011
018907
69183
117488
67262
01661
013527
43924
86041
113667
75288
07808
57286
08923
45419
97730
71172
109045
51807
109427
8231
57162
60988
64859
78314
55423
05815
016317
44050
25292
116980
07252
13493
33440
33054
93880
11103
08313
107825
60782
0390
49740
123769
107846
62081
21396
49578
53446
018545
77002
50094
49522
25737
41724
0974
111005
108168
41710
03868
015021
120185
85966
97598
11205
61447
02534
66095
16392
119095
68375
27048
47560
014531
05975
106616
100152
126207
119276
33706
122265
48837
71782
82192
83975
0253
3573
122858
53705
95172
34150
71414
32886
101450
121028
93118
54755
122684
40092
83473
91081
]
Roles[
00145
00140
00141
0034
00165
0029
00163
00150
0036
00130
]
