Classes[
18970
114916
120571
09431
87271
33500
62244
25370
73491
0281
70675
016827
90471
23126
119261
123014
08537
68473
65120
23167
08778
58521
124659
114233
42868
9974
63286
58123
29405
100514
11132
118915
54959
42096
65477
116863
39996
017034
49661
15662
63964
72927
58255
107641
6940
3500
70933
20952
53910
59858
63765
36855
016396
118129
05478
60135
011281
016537
010262
121273
1059
63434
014832
72127
018748
114053
55136
114761
75883
107700
2904
11646
115807
012990
112982
2040
40445
11076
61581
62341
72429
4856
13574
40121
05550
43001
53382
05772
22632
118144
103507
016753
013367
23832
99810
112761
25827
17813
010628
122741
]
Roles[
0028
00178
0023
00167
00139
00174
00131
00145
00150
00137
]
