Classes[
36310
7860
7145
92516
23150
64219
90324
15862
95579
123009
117738
012857
36101
78054
71030
76987
56801
104201
57029
78226
89503
89977
116214
80014
77572
93034
100858
013091
3912
83910
37543
011279
41152
115274
72219
117606
28872
13262
313
28060
15439
68380
92204
106801
8562
9694
111311
57733
67500
113516
66605
09184
56001
29759
54317
2197
34053
94353
125815
27068
63055
16766
17763
123829
78357
37004
104980
89080
47700
7735
123878
66883
013331
117134
11588
38944
15000
70840
87743
09139
75603
60229
85359
75395
57802
09875
116174
92783
65641
794
07002
41985
10707
57998
32336
104066
92504
53796
017170
12504
]
Roles[
0023
00126
00140
00104
0046
00150
0040
00168
0039
0082
]
