Classes[
26779
86926
89437
53304
103205
102376
122231
104339
02160
79862
010830
113509
55114
34092
03614
010885
80069
123505
117128
99750
48892
8002
09046
80094
36237
38666
39168
111770
7176
120238
82828
102907
60683
4295
63197
98449
61968
121087
05473
34759
9706
114941
113199
37995
80643
22800
5146
106517
43527
101535
14410
64034
016636
39588
35481
72055
70438
80116
57861
74902
54936
39558
01989
67038
113945
104130
10308
57078
49010
18941
77996
76555
010136
48878
32759
02709
1596
09298
6615
109141
015544
83946
43196
100166
20700
68487
117828
67211
6930
56729
89952
41739
117309
79288
32510
113878
105578
59051
72154
126178
]
Roles[
00179
0049
0034
00110
00153
0051
00160
00168
00142
0089
]
