Classes[
70471
80782
19574
37043
010623
57643
114952
96249
57290
0713
18665
108517
61146
54927
15298
65451
75031
89314
91146
94331
5443
98381
40317
125463
65589
73248
015904
2724
125130
100133
01955
119370
115131
66770
59400
33180
60382
105057
015799
80123
16138
104721
9512
86588
51839
106415
91829
59342
09586
02878
88036
40027
05518
52685
7161
72886
97384
90706
54814
104507
102143
101702
114550
24520
68840
87223
115959
94741
03187
012838
59651
92522
016038
09147
017792
97952
49292
67327
113548
42511
96410
65664
64597
84727
17746
112347
116625
014732
121458
66551
124127
22262
90711
60810
38378
34279
120075
5834
13497
22145
]
Roles[
00101
00132
00160
00123
00169
0041
0023
00170
00173
0066
]
