Classes[
3763
88935
90372
36851
112714
38993
117099
52772
101083
37110
68906
37581
66622
109146
112478
83406
85884
21903
7566
99364
44062
84944
03920
65344
10042
43214
51134
32479
57986
12554
78823
33115
58809
87679
018098
5551
59367
116320
36680
79533
13426
103557
19866
016334
015442
4860
121959
72287
107367
110347
407
103674
103374
02468
75304
06698
26202
18549
54941
61452
111888
81308
08759
121901
94909
14664
114148
118314
124910
1696
65424
74603
58985
114153
117802
88404
25872
75980
91477
20182
39234
012737
103217
3134
124888
09316
93480
22097
49727
88345
011072
018127
61239
57433
49517
94847
109315
38800
23250
109060
]
Roles[
00159
00171
00108
00170
00130
00145
00100
00168
0066
00132
]
