Classes[
23376
52835
08315
15220
18003
7448
78688
123751
59552
33061
119264
96482
57420
113224
25220
016590
99296
2930
017880
99108
102304
20596
622
54342
22688
118488
78151
74106
105701
7409
55813
013350
91423
05724
06614
93350
44478
90224
41982
125460
104948
53006
06472
56661
52158
98702
51654
33461
52152
62744
014633
84041
60004
016911
124519
72369
81495
91910
99526
44124
39581
56823
89309
114999
111144
40222
3619
69201
36893
05343
05865
67449
125139
48216
74717
52173
4246
4355
82729
17384
011462
5676
71362
109064
110078
56820
37151
89173
27003
93965
94160
56549
118121
4391
91338
20073
24356
88163
04889
24262
]
Roles[
0052
0046
00177
00176
0045
00169
0053
00178
00166
0047
]
