Classes[
015224
85245
019181
43621
117723
08178
0579
05394
87625
64680
17373
63418
44067
10788
36553
45153
80112
66714
113969
015770
83066
113655
96937
105879
85380
37672
125562
39942
017716
93512
19039
94699
48646
106685
65225
03020
74686
83730
02689
60048
17808
01800
32480
014613
105752
69246
119491
27481
98248
6972
011739
108744
09630
32720
3834
99518
50232
013629
88069
41614
48421
81568
111265
109433
7962
107566
013344
45728
117016
113376
10876
18765
21549
44473
124985
103430
124137
99285
76092
55206
12922
110373
015034
67494
56952
108809
97067
012266
124838
107345
05363
94906
14835
2644
96592
19501
124757
018683
93693
03353
]
Roles[
00142
00132
0044
0029
00112
0035
0054
00171
0088
00156
]
