Classes[
57703
26834
5264
38551
97184
110023
012996
09576
24990
61638
71439
8347
16413
74248
64558
124525
116567
56332
89270
58595
58050
05302
43355
110492
90791
07436
11912
91244
36965
110242
40250
88651
8890
98463
58818
96288
22473
33959
85472
10690
7280
77672
18341
886
44084
16423
87800
49589
94024
60935
542
97169
44810
65887
51559
33698
08454
94793
60500
11898
43191
101387
55662
71469
63125
77696
231
33787
17981
62763
05608
123175
66376
14399
92126
120698
6032
07227
3207
20733
9017
19716
126035
100632
7552
87430
121129
62096
89016
96540
110802
45958
97892
103056
55172
72785
57775
03647
35543
38777
]
Roles[
00107
0072
0047
00115
0024
0031
00153
00102
0054
0035
]
