Classes[
56843
56667
123889
016694
124631
18554
114398
39201
110431
57671
98206
016382
54717
94104
05217
53329
76572
117216
102517
60042
17128
111460
83959
61754
50108
87058
52430
10629
75157
101529
19373
56909
19748
81619
20532
87255
117348
75527
6023
43703
07792
65023
96055
62100
124518
53113
28743
32572
01752
015533
29470
74440
86500
101341
22743
15588
104612
33256
11043
42152
119047
72182
25359
015015
95095
51084
77763
53301
32896
41642
111688
68325
114739
107493
62413
57119
94040
25283
99103
010423
05486
28788
125361
53416
116987
2000
114147
72008
1801
29630
32453
97021
16715
38363
0268
24240
112925
018621
99890
92462
]
Roles[
00140
0050
00104
00169
00170
00103
00159
00150
0030
00126
]
