Classes[
38171
60767
12912
24439
23051
5585
102652
014877
08091
26924
08152
89776
14734
117689
108781
84770
105610
112281
24988
93085
61049
73961
61928
118121
75388
100400
94345
79332
09813
32288
482
74937
018163
18024
92766
011759
013670
77408
23566
2895
88282
99040
118374
120224
3834
125558
95357
76454
52489
90167
36048
60584
09282
41655
39207
58429
012667
94585
50004
83506
011306
85244
21493
104822
014190
47510
011538
012921
53333
56767
119421
125511
3666
73082
54714
05812
77766
33098
62956
95172
52953
56294
111127
109039
59319
79345
011813
71791
0759
27626
14071
63792
02018
65109
58048
117213
59450
010122
90087
2911
]
Roles[
00133
0072
0039
0050
00160
00131
0030
00168
00115
00141
]
