Classes[
13043
110349
107293
016542
79746
88656
51532
68856
06064
62959
013144
1670
012051
125125
44474
10953
57675
71560
28864
15532
04108
72632
08228
100076
114758
89886
49639
94117
77298
125408
98273
12952
118016
61550
79428
90530
113445
011442
86019
59032
83288
73763
04519
89649
010795
114705
53442
65025
68323
76704
108122
98032
55548
80544
60461
96966
113910
890
52835
66111
110930
79350
05860
74385
39711
014059
76597
77851
121057
05805
92002
113582
01776
89470
0576
012044
55727
116610
36535
0885
07534
011065
49980
55230
108013
65387
36040
18509
111572
03348
66045
018358
89892
41091
7176
03302
29744
69260
24606
124616
]
Roles[
0051
00139
0046
00126
0037
00110
00103
0052
00166
00169
]
