Classes[
39281
012842
116031
11085
108474
118103
54835
106462
89120
44069
5171
106721
88416
33527
118310
116809
84027
111833
06880
114974
56145
0331
50847
64891
56365
39409
122165
3785
20380
25746
122937
23558
87503
77850
6594
57041
010245
113784
83990
29014
8107
20189
120746
25644
105519
013277
97572
15779
1035
72570
35891
09606
11318
100525
06404
3994
16172
2001
107371
62542
51968
120436
20435
49174
95332
84483
39060
101199
9033
18730
82839
121246
109011
33921
76104
014034
121272
96587
102714
13831
33787
16238
26779
113846
111794
60340
74460
28990
86199
011555
120826
76151
88327
21941
114290
105133
51499
94742
23474
22426
]
Roles[
0081
0028
00123
00115
00175
0088
0038
0046
00133
00173
]
