Classes[
30172
107694
35087
102209
109994
44597
118608
63093
116957
1377
17648
103108
106734
108091
03802
75494
96164
33655
65528
52624
017356
015798
43369
63131
013615
7395
52607
15782
02612
71958
27370
89828
38412
49971
14860
01492
02432
14711
09020
110960
7874
012775
23558
26383
77915
39631
54030
41435
29330
18324
72894
5354
76228
50658
34323
71393
40461
20318
113888
016234
102709
0151
12448
107741
26507
12610
86584
74033
124711
82363
107733
6120
73448
017619
83141
40504
75952
24302
88748
65932
113887
73926
105727
75285
118375
19637
45074
94414
014814
06814
92163
57978
99229
57117
38489
68797
06095
0630
15461
24592
]
Roles[
00122
00168
00165
00169
00123
0035
00114
0045
00112
0027
]
