Classes[
102298
61606
23285
39138
92704
200
62797
25077
017417
73136
54768
018476
014509
101135
37674
95915
77519
0654
36230
58307
37512
100748
71795
100975
102842
50674
114707
17252
98261
93056
20462
65628
92761
124753
33259
29435
02526
109569
118926
28819
118160
121701
12620
09542
92817
97336
85654
51195
123158
115591
9118
125247
122838
53711
08965
36483
23136
24113
115943
111303
14065
21207
7920
27146
21242
117247
57130
29681
80578
110776
55289
23037
63309
3468
74539
15978
79642
75983
13633
84293
5139
107382
016236
109596
926
59935
95474
114849
28613
11495
117692
61972
05217
9379
37432
77709
12388
019144
04045
25683
]
Roles[
0042
00138
0038
0029
00176
00104
0035
00122
00115
00142
]
