Classes[
20166
93042
1591
124183
27180
97645
66615
07351
96815
120129
32702
103938
75380
40614
50372
93864
014956
3058
120182
08913
112070
116312
95533
124500
13801
117368
49996
53980
13159
93668
35046
01772
53376
89193
52623
74871
105266
013469
5868
110080
68836
76046
09586
107437
21938
98460
64114
36224
2013
115582
60054
09411
57983
84565
100337
08889
115037
0569
24416
54437
4081
109719
97826
44776
77996
15988
96845
19318
111937
112271
15662
24842
40070
03350
67903
02411
57415
1312
22931
1060
014476
112397
76029
84556
49931
017868
51746
14183
19554
22849
51883
27664
119499
20924
23020
43464
02792
63670
2467
32406
]
Roles[
0029
00141
0053
00153
00177
00167
00107
0031
00139
0045
]
