Classes[
07160
89841
012248
22001
73603
62229
012089
101122
21839
012297
09983
29825
57926
83340
71497
35593
08381
54973
58137
05550
116594
010864
105011
118711
78832
108008
14680
010858
29753
93325
50460
90760
02033
61852
53746
118876
119576
58114
105828
122343
07493
94043
04753
01746
015846
107190
14516
65103
02127
19179
99756
83694
90592
48912
40268
016796
21108
12668
64648
56162
93479
80645
6609
012223
90787
33210
5919
93525
103842
94604
08032
91082
90501
014489
63404
71400
20803
03376
89259
698
16613
65519
8613
53953
54797
40245
124625
43875
92142
014418
67106
33444
28824
28976
27601
07839
56290
27393
85396
89940
]
Roles[
0026
0051
0030
00103
00160
00122
0024
00174
00171
0035
]
