Classes[
56342
39714
104994
78717
50563
56247
8869
016332
97646
2615
96787
37605
09750
25805
73859
107477
016020
8662
85301
19459
29788
116037
16403
90337
4391
25400
12492
56601
016562
39584
123193
80598
88763
107685
010215
664
14413
51054
015949
123970
107761
91741
82856
39318
016143
66972
017699
106360
49104
06326
92570
015687
12135
84706
89619
61058
59700
2789
08930
3549
98993
98037
20867
54858
32546
94473
56600
98702
114860
16450
52163
66290
112161
011760
74489
62622
124060
74351
28468
35741
24637
66722
77156
05012
58592
37674
109471
77592
122894
117988
012740
72221
012221
99460
89055
08790
10072
125302
38202
58771
]
Roles[
00171
00114
00163
00173
0081
00170
0024
00130
00150
00137
]
