Classes[
32218
73978
014139
107754
67330
018333
39968
48203
55819
010620
7357
44214
46011
016241
38665
019123
42572
109242
59597
55145
76443
1933
18310
60181
39757
09570
21347
12569
09786
61723
018926
100347
111994
017044
102050
119555
62462
14274
94557
121013
58754
61514
123054
97178
8240
54896
111494
114763
14922
28241
112202
0803
54266
92888
124870
124484
6579
74877
85084
49479
88642
38993
48407
03706
85068
80907
55801
108319
78123
47797
09906
101065
016864
70906
23780
75323
92412
79366
48790
04703
92652
87588
1467
71924
84131
77602
103133
28987
114112
3599
108313
43880
24803
13058
60417
5288
09502
99555
41124
44880
]
Roles[
00116
00160
0032
0044
0089
00179
00153
00177
00173
00100
]
