Classes[
105275
60349
56980
65972
18094
05413
71864
55800
73023
82143
97272
20407
60476
108786
60036
011858
8368
7255
84481
38277
25031
22885
83787
26833
96483
10122
102490
99954
62586
112404
36949
7605
72144
44267
23244
016335
99120
22580
101375
4115
110702
59518
10046
107491
60094
121498
01069
48221
016148
09851
109895
118853
2511
68532
102099
90417
116475
36048
20274
82350
51524
015813
122959
113625
57061
17350
17832
52689
010030
84176
75216
02336
015342
4179
78757
59017
32325
06476
61147
108584
06005
113855
3731
72456
29831
29259
75432
32374
25254
106008
39020
94207
66714
85456
015756
58314
84059
42029
62652
014863
]
Roles[
00139
0023
00177
0027
0032
0072
00105
0041
00169
00104
]
