Classes[
03752
70501
98543
121929
12733
104204
122805
54540
12353
116501
07849
77755
017434
60285
016957
015709
5607
54822
19395
35211
016623
016789
108958
105124
26132
94122
28683
38060
89755
74842
39700
37779
13574
121543
107503
44315
14195
20733
118480
49586
118303
08883
82484
83390
125420
82678
95613
54290
98681
23377
93585
42254
73026
52631
44995
75978
104944
39608
014475
76457
106144
125852
24742
52915
15577
117816
88953
122914
78676
104318
94349
45999
01523
22261
97329
88863
56652
5753
71414
112350
43800
65529
95631
82413
18137
38199
56713
86799
304
71169
116239
64399
111686
10355
70667
71700
123979
111266
66655
38907
]
Roles[
0035
0036
0088
0032
0041
00168
0044
00108
0047
0023
]
