Classes[
55570
014060
38520
56273
103914
3932
013432
18476
77807
39734
18359
56974
119542
107263
54452
21602
98607
64330
55638
26741
99951
121417
72829
61900
87157
18968
05028
16771
07800
11315
75764
76472
68915
52692
58372
1172
108290
12033
017198
61383
105399
08888
75645
53306
29169
3728
108954
82995
65176
35594
87729
15318
14212
18471
108781
6844
61823
02410
92653
47604
51680
115082
99303
08169
045
102076
3772
77963
78633
15460
50731
019019
1709
123404
018323
37180
85226
98824
82157
57534
100826
110057
015226
04744
88774
28851
102621
121956
61974
24289
018591
23571
117348
016096
71223
42463
64558
60320
35065
40289
]
Roles[
00107
00171
00105
00123
00150
0048
0042
00169
00173
00166
]
