Classes[
74365
103161
011629
124237
121314
101328
2740
18287
96265
29130
102441
96550
123668
90886
61888
96542
1522
65668
58711
28315
02947
55595
49319
91373
97013
16873
20159
73835
98034
22423
014738
61235
5908
51691
64454
103091
04371
04097
38983
72599
53467
98523
7194
74226
96186
06658
013667
015617
66554
8707
96284
45301
19532
011635
39631
41774
20612
87929
37325
82852
989
34072
13839
5164
37221
02719
63490
36591
43777
32148
91790
64247
86329
44091
49769
125553
116829
1849
121583
05319
69109
32747
61627
8739
98228
89389
08661
28044
103775
119779
56826
93868
35430
7617
96715
79915
65742
010187
17400
49789
]
Roles[
0040
00145
0053
00166
00155
0047
00110
00106
00175
00172
]
