Classes[
0290
88810
121760
45713
104304
104023
104287
08534
113622
98674
98917
50478
99583
114541
39827
112531
90020
56243
113972
37087
40447
0604
76358
0789
80916
74512
106729
35689
107772
4535
122587
57786
121963
86728
25155
07742
29939
101628
24068
012656
12346
65749
6722
57057
78113
830
1735
1401
37602
96717
125293
104466
014439
017721
118193
2140
97509
8564
92778
72373
17193
26618
100419
97667
95458
83902
72773
107745
60119
013387
010547
91481
99624
2711
52995
04978
011992
16453
75089
66765
80171
91070
17434
017124
39146
100769
68415
58946
122932
28108
61609
2524
84835
010867
58431
40755
37740
104898
014972
65015
]
Roles[
00179
00100
0066
0038
0072
0048
0052
00106
0051
0046
]
