Classes[
44616
78027
107155
109301
74422
20204
97101
19019
66655
112574
83321
5930
41681
90619
59666
4812
58566
67250
1263
7286
08768
33556
017264
125048
66326
21357
110857
124571
19180
18955
61018
72530
016487
0907
39752
94842
29750
116166
11759
18986
11271
44870
77325
67386
80392
018748
35324
68580
110145
108886
89192
125427
110683
118712
98267
34245
33936
17200
95294
84764
56709
64427
37702
75651
73973
018480
72494
010660
94864
013055
123725
44490
014012
56364
01510
0942
104176
111511
83807
105677
102081
50280
50847
114714
121660
56895
56749
98069
5395
34668
102195
44266
50026
83236
42182
19627
2087
88684
88050
92128
]
Roles[
00106
0029
0025
00177
00150
00132
0026
0048
00153
0035
]
