Classes[
116846
93888
41026
38977
72331
97959
60769
78350
23132
9144
84793
98435
112233
76472
08825
03802
85447
35635
104274
85128
13901
90694
59780
016657
32668
8431
85957
05349
52877
2693
38043
09393
014879
74360
63641
013918
7085
37605
52804
121355
102046
117114
03249
52101
76604
119937
3872
60533
36757
014602
26916
40264
105917
13844
66450
67420
39916
22019
118975
108035
66693
43001
70766
7087
54609
64442
86407
29483
04805
12534
98967
09883
92627
53448
49134
27534
116135
53373
41531
47610
113535
014768
86478
94846
14176
78740
015797
11877
3459
51716
10033
4216
109628
26281
114029
49642
9802
61170
56599
67441
]
Roles[
0031
0023
00116
0045
0054
0036
00106
0035
00165
0051
]
