Classes[
018917
91486
16250
98319
106091
113943
111062
123286
018270
8350
61908
100004
23696
58567
63863
82445
6593
17347
55093
39895
23928
42559
79231
82677
16533
75336
017109
107444
102136
35656
35270
16401
98176
100850
62408
62605
01811
84768
125358
010073
06296
0874
54110
70811
61317
012548
012255
111601
4728
124112
91496
84252
01348
71971
60902
104124
79209
110827
122685
84590
14944
118901
60250
33104
109373
09019
97031
372
12104
85040
87540
22585
51243
0245
84177
91745
5616
72431
90271
70540
110385
5134
122853
122011
69314
76701
119830
09135
22033
09380
39356
109000
20858
48762
98983
59077
60417
84026
88265
8680
]
Roles[
0054
00167
0050
00165
00173
0052
00168
00130
00101
00139
]
