Classes[
88544
8288
117014
26150
014530
24160
56685
78781
26376
70690
75523
53870
74589
20496
119323
108599
77151
74094
16188
2529
04113
48855
49936
2488
12833
107780
85737
19450
20143
06536
48313
09168
120873
99561
61793
016550
86572
58180
124423
63147
18748
010895
17829
017512
35581
56286
38300
95995
100359
83269
03102
105540
105894
6930
80949
06901
83301
013266
52960
17892
015131
80645
12923
52534
18975
68631
81720
75334
111420
5364
66927
67225
75708
013903
17541
02189
34543
113280
114463
5867
113146
012189
28543
125791
103268
48257
120436
8567
102057
8607
60067
010765
79871
89662
60181
41788
80650
70892
82479
44143
]
Roles[
00114
00108
0031
00177
00133
0047
00101
00135
0038
00172
]
