Classes[
118658
98250
89344
17120
75406
16871
018735
25573
101454
2250
49099
66724
87336
7328
012055
2923
114087
114304
68988
015440
108837
66760
35172
25391
104166
110794
8389
34441
63654
100348
97091
94044
57529
98970
42891
65407
123195
92905
11048
113954
108608
1326
02056
013320
120820
19623
15192
42582
19728
39206
80324
94771
77691
03540
26231
92046
98081
35180
50306
100500
32804
19229
41089
28162
123341
97089
21751
49068
012204
77422
29964
13398
017373
55027
94620
98727
68525
017156
80489
67418
10381
84113
38307
111032
017254
17928
018182
60786
2605
21255
108366
93059
010687
19127
117324
48920
19084
110935
73037
77477
]
Roles[
00170
00166
00123
0030
0089
00112
0024
00139
00110
00116
]
