Classes[
40117
7404
24136
1910
32694
81751
19240
86763
24818
2970
76573
81549
95735
57617
8529
107031
08871
22431
51386
17802
10947
49888
25393
62210
84433
47729
47573
50850
26942
115876
03516
26623
12104
05668
82860
14951
0918
107609
90656
8604
111951
02100
012688
63224
122765
11989
38606
016354
103863
121072
98751
37190
109097
64008
104971
14369
99639
2651
64551
92102
54280
62420
92342
010695
78365
29690
0356
84551
7290
110896
12534
97296
01129
39859
99493
64863
05147
15828
113761
123144
101877
72190
9165
85217
48684
28982
85664
91624
98427
25503
01394
10211
53173
108918
28856
124227
112956
52710
69128
61968
]
Roles[
00104
0032
0066
0089
00158
00159
0051
00139
00150
0054
]
