Classes[
05282
123028
107013
09380
78761
62433
41174
02783
72408
69025
37804
57524
08952
60417
2813
90651
82675
100086
89483
667
62651
102990
55137
113098
93168
17546
90790
85372
43609
117573
103729
124831
11481
119178
62603
06502
25123
60283
8401
22781
5976
117501
825
24314
51626
85481
40782
80721
87511
113872
50835
72583
010480
29457
94608
11334
55349
17657
03780
83965
37547
109158
71938
34051
64984
02296
62608
123589
75929
23838
124788
2731
22273
56317
02569
64707
54247
37887
019006
06057
15184
58158
16183
78612
44848
115091
109271
88799
26786
122945
119280
38485
34762
26386
22696
07782
14022
88371
34358
76816
]
Roles[
0023
0089
0036
00133
00142
0040
00173
00163
00160
00108
]
