Classes[
02697
61355
98870
01900
47687
08496
011120
28103
7868
67543
81027
117101
39119
97603
93245
41133
018297
70611
57367
71872
123827
04315
122832
79622
65531
5511
82579
66193
43230
21303
113320
64847
28089
85314
90236
22341
44623
24698
116886
123420
05063
40287
89588
115722
36576
61532
53370
23297
33643
95225
78097
124922
67279
84114
106532
80158
013629
70839
48474
51400
21356
45169
72764
09737
94956
017808
54252
88130
58302
66949
08979
44410
03281
3808
52908
012833
05211
45152
117799
33877
04797
011289
62803
106044
92075
105282
49295
013251
125259
13220
02108
33490
62203
62417
84878
63412
110113
22376
04675
33320
]
Roles[
00171
00130
00123
0035
00158
00172
00170
00169
00163
0042
]
