Classes[
116336
9678
07068
117724
56424
86603
38507
65939
84885
80531
0273
104651
52340
94851
69413
83335
35361
10216
32748
15937
96698
20124
08738
016075
57809
14325
11810
82022
32679
119216
73494
75735
123493
105586
95988
32753
018065
55939
4488
7352
64814
26614
9917
08227
93855
49002
35043
94527
5341
99078
97817
95548
100076
24293
125727
119879
42101
3300
103896
2571
106440
76191
84233
94775
64587
016269
98795
32552
59748
14221
54842
58848
62937
21930
66113
2853
100439
52823
57913
103828
120598
100817
13142
32543
010805
85345
40946
98124
73096
54055
86515
04982
108630
3689
7917
50769
08523
121695
110257
95535
]
Roles[
00174
0031
0042
00137
0030
00124
00155
0023
0053
00102
]
