Classes[
15643
8639
124957
40262
97431
04741
63782
125073
09892
01181
42360
09621
54379
47387
99794
42773
24011
79420
3802
53658
122379
18129
123142
14798
02434
120859
21724
24888
28025
37656
47626
33340
94721
911
14397
86651
89045
05023
05857
94535
83148
99636
9354
77009
120807
05544
12076
89555
121310
110464
108980
05276
11648
22825
73358
53585
25515
42265
017236
012267
6988
87029
107126
87315
012342
123678
67168
112690
11137
108901
28541
98007
104880
011635
016059
25781
14072
47427
02714
06739
111538
26112
19513
38710
65294
18028
80367
115740
123510
120471
109380
2378
12800
011193
103076
14334
81584
102103
22980
019089
]
Roles[
0050
00113
0081
00141
00145
0027
00166
00155
00103
0088
]
