Classes[
118770
64168
41750
44197
71470
85134
115646
06098
126145
84968
94935
65455
98957
35854
99096
108186
7761
125131
76553
49131
116922
26515
79884
03275
90873
36983
25627
34888
20894
02351
42901
77482
49890
27461
013701
66151
88376
71597
96748
018549
56176
25272
09721
80513
64395
83173
67080
01766
110942
79164
103675
52975
112704
2918
52664
117864
107907
117109
78223
3578
57120
103065
7931
113353
72281
57513
106783
91913
02385
95538
46003
120461
35714
011455
77698
72226
72190
32966
116428
95686
6489
017155
89219
20150
79167
110409
30034
22519
11268
89057
013012
86100
96147
18548
55491
10943
15486
123789
17863
010462
]
Roles[
00166
0041
00141
00176
00115
00133
00139
00110
00140
00156
]
