Classes[
114487
88896
110612
1538
83643
06309
33120
120162
30082
85043
77551
97383
125962
95474
96403
27838
12341
3801
76743
78528
115174
11678
77729
0490
89128
49676
58828
98542
124079
18758
6598
012572
38779
809
113210
10532
119198
64508
105458
16303
63435
0730
24374
26421
06664
119191
103035
43585
49187
15266
11930
89768
016610
02535
32935
08685
22449
10973
101716
63921
18894
54675
66368
07781
17725
72705
4298
110512
94212
03210
77663
02727
57481
33602
01088
55885
50493
20102
1007
6815
5446
40678
110067
99458
741
94718
67436
23280
107365
2224
76055
05114
79835
115991
08576
10898
74582
44760
44960
10902
]
Roles[
0027
00176
00113
0048
00135
00174
00141
00179
0036
0028
]
