Classes[
101953
24711
41937
24955
29339
5321
80601
20341
018504
59970
016710
60645
65841
113556
77986
41190
110421
97910
53403
25513
123559
115240
89067
90934
72601
68386
105949
120468
88911
33013
22482
91657
94390
02950
68390
101469
116198
99414
9589
47629
123494
110423
15609
011553
35120
117908
44103
4003
20746
75130
22967
29618
90270
72221
89728
15112
604
87790
85643
88200
0883
40231
107650
03229
45196
0752
09724
16375
20815
32093
11187
94984
68985
014839
59363
9926
100953
014703
115249
03334
61160
68236
8765
53810
013779
50478
06904
110656
63610
36287
6218
113357
107439
014552
49151
86757
735
15823
102895
92548
]
Roles[
0046
0052
0049
00171
00104
00160
00179
0023
00170
0048
]
