Classes[
05256
013470
01484
26856
27363
23193
121719
39002
09804
6065
68385
93466
36964
89085
014977
101505
22535
1171
41176
37422
75519
12336
37559
12675
010554
71905
72428
35579
112823
39984
35107
125976
57617
17103
123766
110222
123000
011405
012410
01981
20343
6574
111030
126034
77516
25328
102396
86973
119386
122107
11658
015455
71151
45807
14312
124644
96997
74866
111585
3633
125277
104043
49303
47972
37296
57278
27581
108353
14089
115405
105802
19974
76936
83010
010853
44489
114993
39244
87692
107936
88025
60506
95376
111119
84568
115079
90553
88305
58268
3828
014987
32559
106550
78041
39252
97169
0415
16762
18338
6057
]
Roles[
0031
00159
00112
0066
00130
00110
0035
00173
00158
0040
]
