Classes[
121584
1977
77674
93073
52422
101095
98960
82560
30102
117904
71939
29448
71820
61557
116337
106401
98977
04474
83567
018458
118101
62502
38058
120207
114100
51607
015067
08948
17284
62139
2306
98640
88902
18284
012539
86920
122186
37944
07990
0708
74083
38581
35892
55370
115795
91516
19358
51219
09158
35093
25161
28706
33143
116575
9810
107895
5141
87489
56439
37759
43419
100571
122674
113366
103550
07007
62376
54034
67127
85594
22289
37906
74514
26501
48536
014392
3141
012683
04791
773
14812
26540
63358
95064
52398
28351
92230
90386
05704
36631
100141
121305
5319
46120
05029
115840
96677
10316
37240
04934
]
Roles[
00102
0047
0040
00158
00110
00165
00139
00142
0049
0032
]
