Classes[
82439
81661
87787
90931
112886
63713
74176
57165
36364
445
09937
79314
37735
111650
88751
018040
44014
100654
99617
107021
91071
92304
62123
02525
03666
10901
115917
89509
97676
118408
86980
55268
39814
76007
64824
124412
017485
88089
69249
49055
57280
8855
012956
49858
109661
4416
58078
012858
04410
86583
22808
117675
010629
5411
33753
16271
13145
121822
22014
119051
83827
52151
16993
104391
98843
25746
86201
114501
44767
106697
92611
29512
04440
64256
67281
48797
8282
80996
018207
64046
78687
89239
28755
27033
43180
11183
66567
57309
115250
116280
29497
90146
95476
54164
78716
94632
83423
24272
06689
60683
]
Roles[
00172
0046
00126
0045
0054
0089
0082
0024
00177
00165
]
