Classes[
13643
104941
88683
106202
10984
25094
64154
71625
53910
25668
79092
64529
53080
52584
07918
88004
41969
34166
110487
28526
89648
65963
06530
85077
93604
66909
110195
017464
74344
38827
54550
106420
22854
34849
77467
76463
21310
121964
102165
106924
54539
118184
65318
101240
93895
9165
014766
122218
98280
88934
63670
93823
50003
109121
56487
32929
116965
015262
014034
61054
25527
14141
122923
19733
53340
42637
7957
015459
89954
15232
125931
87128
110705
28559
37618
26617
13159
51241
94239
97248
03596
90552
66917
64587
0787
9746
855
114795
016105
87544
116156
17142
52515
37287
35709
15355
24524
70975
63972
104934
]
Roles[
00167
00116
00150
00175
0038
00104
0044
00132
00158
00168
]
