Classes[
116432
79854
94927
24234
4291
35657
07444
112891
15230
014507
08432
011259
107676
2767
55872
90772
110403
45725
33454
99914
8798
012809
26623
53378
36292
15132
87642
64118
89145
89248
26897
97594
1169
011104
5412
104062
13692
109191
99727
48230
53644
115184
64548
25551
015769
100953
81847
119467
88814
122526
61741
47724
12540
43522
18467
9394
50219
86071
14244
79478
110710
12622
76753
15778
41546
03562
120842
4319
56147
5061
015297
81171
91901
20811
21937
95700
6612
17981
116557
55134
15678
13009
38594
90487
77265
61813
72051
102640
20540
119845
118271
54334
62716
010782
105473
38609
19673
81200
98254
80319
]
Roles[
0048
0051
00165
00156
00113
0049
0035
0053
00123
0072
]
