Classes[
51837
113614
20222
1584
122346
11077
111977
17789
26908
104305
35402
29765
36887
125650
21950
70736
99176
01289
73849
58404
92224
34312
16105
2546
32334
111049
02467
59506
119980
109616
08217
03419
51698
04020
100631
125822
93314
85312
12803
125497
120927
21612
111017
123261
10427
02529
64520
107301
88657
95759
111651
100041
60252
21387
62084
85762
63703
44878
86311
41423
84131
3369
100909
32717
41962
011236
7286
88078
63266
07096
58847
124176
15432
49382
34528
100377
21829
013103
48158
87902
57121
124468
44429
84117
51817
107624
60449
122410
112943
51680
40297
111826
03229
20842
04505
51334
3550
11959
018671
26637
]
Roles[
00102
0045
0040
00116
0039
00103
00175
00163
00131
00126
]
