Classes[
83087
107406
57470
66229
123972
24302
58125
25330
87892
23438
116143
48041
27007
103846
42131
2696
46001
110516
43748
27747
53658
8390
90583
83974
100438
106994
36507
117445
21676
016314
02812
122612
27127
117218
29785
33877
39541
73008
01479
90546
13531
55596
80700
98731
82231
20534
120105
5793
45170
104814
27854
112093
126015
56968
922
37169
25455
23187
04996
36746
123171
018718
102154
113536
117680
64636
5143
7574
33244
50370
77504
118460
91737
120218
94540
122055
115891
118201
7735
32698
17649
5332
101792
78694
119558
2485
45613
116300
017621
49557
03839
1136
8297
45410
39447
14933
72142
47939
121447
16298
]
Roles[
00124
00113
0042
00135
00168
00163
00145
00156
0032
00167
]
