Classes[
06700
118429
90770
0314
85400
015004
96030
86673
06535
91831
848
100623
82398
76146
60148
04318
117605
66128
60274
87117
89243
33876
50142
42106
117625
48375
6582
72898
103611
112025
05184
35460
82585
88048
014397
70914
39373
13308
017656
118904
85602
91864
24228
45173
47968
123889
71547
79832
17384
013356
23071
75022
45250
25521
109007
2922
19797
57959
63888
83952
4016
27739
010578
09178
47539
83071
018748
100748
6711
11735
75068
017920
21430
22414
59975
68451
89849
7122
100204
24979
119579
40959
55578
55812
012385
83460
11166
64594
13803
107580
87967
103792
76057
43432
11625
20383
21986
5183
62027
67231
]
Roles[
00107
0049
00173
00101
0053
0039
0035
00131
00138
00159
]
