Classes[
24394
23286
7473
5954
58993
41031
6766
106074
23464
87085
21144
40215
21548
05334
77562
25442
105426
013076
74119
53577
2860
102570
15350
7689
8168
117209
21108
83524
60357
66171
08108
14096
4656
57100
105028
20326
95660
26529
79590
52343
82429
57058
50838
110865
37092
100651
79306
125649
64375
010550
125913
43505
06443
35967
100640
43458
15224
50077
108265
104668
110688
87402
125867
761
07688
105742
56504
17259
14991
44721
112932
37732
16775
22973
50981
28324
17860
105152
80090
2825
125115
124299
123946
101234
34848
20667
2774
66092
4367
018878
17148
116062
89119
07694
118768
125247
43596
119989
7723
10698
]
Roles[
00133
0025
00158
00159
0047
00114
00100
0088
00150
0038
]
