Classes[
13890
45986
012999
55506
59022
01966
119457
113271
29123
16499
114107
06654
71295
873
14848
119336
594
107090
7078
07212
012933
110928
106864
125265
60982
82357
015676
61303
60039
25605
32405
96615
6989
101751
12751
15900
89980
02370
11159
5102
28788
50411
125729
74729
61771
27116
118721
91794
44668
120739
123290
90709
019141
121860
87481
11911
011406
370
94189
64968
82531
88813
11859
119515
101347
7660
54989
56565
50114
39623
66449
35529
014998
24130
08415
73691
19638
124964
64333
30037
94154
29959
1171
08374
81815
93934
85929
79669
120487
93424
013238
103472
20373
11388
113397
017626
52797
64141
36066
85820
]
Roles[
00101
00165
0032
0030
00171
0048
00163
0023
00133
00170
]
