Classes[
56426
101750
9911
62833
14197
79766
8610
20349
60780
01007
8124
013549
58473
74965
36053
61031
59602
66345
56093
111057
05823
82293
119891
74778
29355
120100
72934
7283
113351
77033
22545
104543
91918
015726
012972
98211
47637
20950
93274
81582
90555
75440
39273
24268
111738
67084
85538
40957
01672
1474
10582
122972
72377
17658
8863
01153
115954
43956
65451
20319
45265
10592
02626
44687
112302
103645
71285
104220
92736
80356
28164
63076
41775
68720
68761
06295
96336
17686
16497
23041
09886
07319
67079
72588
78745
14778
10650
90571
015597
85593
118730
97210
96523
28970
121671
05359
05564
8585
03455
28614
]
Roles[
0066
0024
00169
00106
00176
00105
0025
0040
0049
00110
]
