Classes[
112960
9990
108541
97364
37950
106525
17033
09413
27932
125048
47581
26867
61031
65040
55027
0440
13265
100995
27781
14022
12696
26484
012929
67498
95200
125049
3088
123193
05516
7745
81727
64612
27089
011015
72646
35943
51476
23216
2343
15572
27102
73870
120647
26497
44848
73765
11037
124409
7786
62963
18268
57171
78284
92177
04001
101314
57127
018469
19689
9456
112626
69117
17188
24768
72231
125159
28087
112605
123072
39934
123685
101526
19860
017272
49486
60611
12532
39065
111530
5906
50431
89057
93073
28255
106174
87721
017040
44561
109176
73566
10419
36590
012818
57867
20898
14050
9037
15706
78165
34676
]
Roles[
00132
00160
00108
00102
0027
00137
00112
0031
0040
00179
]
