Classes[
60762
118127
20244
118769
103754
56757
26148
83382
58367
016549
23467
435
80660
98977
80835
010578
2458
04973
23329
65336
77443
106867
1593
104479
26706
44618
102448
89466
33248
115265
52904
70741
118764
73573
125577
99951
98535
92241
118906
75577
0947
07334
85754
02991
66614
120895
63756
112324
21147
66013
7445
43225
79967
115449
42220
82385
73213
91845
113933
124574
05256
102101
116383
102837
35141
9373
36119
017512
42280
03158
012816
122603
64582
79483
28071
10955
88406
60118
10417
35408
36559
80527
111773
84066
77147
58695
03440
36616
56911
121689
018744
37760
20986
55478
016130
019271
17966
54000
18481
67429
]
Roles[
0048
00113
0081
00176
00102
0028
00141
00112
0025
00138
]
