Classes[
123677
118623
40644
44935
15540
101454
90989
55456
52871
36844
77934
9767
012089
10000
7358
90929
06929
66569
118090
97914
88991
42457
101493
11726
2837
113561
1795
61991
16692
115194
42253
83966
013944
117370
2490
2114
17562
32391
56280
82836
22588
47495
6570
125363
86030
74706
72278
43850
88574
73022
44875
12403
43522
05998
81307
72582
34442
63043
7430
101378
89641
2861
17691
60924
56823
113338
100536
74238
83111
89658
14890
105908
12926
57107
110754
64698
55475
100840
121309
82636
66914
83595
4579
106702
067
72689
89773
63219
105182
97643
21046
51061
53840
108249
19589
86771
60083
62904
50383
37010
]
Roles[
00131
0037
00159
0023
00114
00124
00174
00126
0024
00104
]
