Classes[
21781
67321
1175
121595
74624
105653
26951
0859
98516
29942
105729
08073
55779
110514
99627
73223
117690
101371
101209
013571
122336
51661
78747
83091
74669
91122
110947
51873
105972
12969
013709
118156
24374
55648
58969
101538
47481
120479
117357
46009
99191
114759
019045
86221
04977
90751
88309
115556
25324
37857
115769
7884
82239
105642
013117
018076
18628
36542
93399
09879
59763
017664
017110
238
23369
21776
43822
61312
63199
110456
02899
105727
32282
015288
44127
19875
012785
99387
40693
108043
37173
41341
64382
51418
100149
93647
86250
06968
10700
09835
41601
68988
74496
43414
013329
115210
80455
77862
01700
17653
]
Roles[
0088
0081
0053
00156
0046
0089
0026
00115
00179
00133
]
