Classes[
78256
7797
123413
28040
72601
120741
54558
126309
014489
9941
94365
109568
61862
118832
07945
56401
16919
20725
81230
91798
61632
50288
100609
123765
64903
01472
71992
2002
4859
83665
47886
61076
018241
44313
96201
99009
33579
71474
13222
23307
53971
8318
011904
59402
70849
104464
95451
07639
21506
102107
01182
34625
86198
2866
07430
88729
84157
35504
103422
01123
107510
57597
117821
10318
78058
92882
103425
18363
57674
75829
016535
87360
67477
8225
99715
21040
54386
122742
35778
28322
20522
013735
73680
39544
13783
112762
25285
86790
80905
27505
120466
013380
010212
16061
4793
60659
41114
33044
103752
124395
]
Roles[
00178
0082
00126
0046
00104
00176
00163
0044
00100
00173
]
