Classes[
43262
1327
78622
20379
111548
100975
73132
010541
34021
82661
0783
99858
014729
54763
11651
60251
96182
63322
04277
014912
3257
61019
57714
92027
41884
113662
25445
100125
66003
124857
08880
018414
116253
125775
75321
416
121463
79430
94954
55060
24855
07387
105695
56330
91463
63969
93665
19501
19264
122149
15534
40118
46105
24176
26681
64174
122663
23958
92338
52629
117387
124514
50541
014181
88128
01422
117681
117066
80843
87711
5862
05181
21973
45758
123105
122082
112623
111667
0147
38425
124018
103090
32517
38014
96484
11786
50060
013242
014158
19817
113247
84496
84435
92964
41255
97422
52888
111240
53802
92240
]
Roles[
00179
0072
00100
0054
00116
00167
00130
00159
0041
00168
]
