Classes[
5580
29846
29927
012487
104747
65080
2336
102431
50682
80851
03207
94010
93880
016257
522
104328
11267
58163
87259
09044
93265
13369
65671
103287
109799
58504
81143
99318
81517
110506
09130
117514
45886
42406
94154
7680
84885
77839
117866
71811
42021
92209
6542
108431
89746
92108
99495
04675
52998
64894
104140
9653
59323
0413
23939
123719
99463
27706
012504
07302
10375
03895
24299
72049
42069
9095
89635
93997
116392
2264
72046
23444
114243
010383
64243
11608
112140
82453
07409
92984
54394
120191
41435
19071
104438
15820
72851
68891
52151
799
117401
103523
104896
98324
014619
11851
50544
24141
83283
1779
]
Roles[
00104
00110
0031
00135
0025
00108
00126
00123
00174
0048
]
