Classes[
03312
60043
34820
5615
75691
57965
06514
122195
39447
107046
50128
05630
23399
80101
80028
71955
56416
014427
14436
51159
16294
21663
110029
93173
122841
719
35051
116481
42917
5214
3881
43501
09740
108558
73768
013448
60261
72683
42531
118560
37411
63259
016839
59293
30138
0741
69018
52364
103225
106861
49158
35965
103216
55418
1904
04075
110076
124803
039
81153
116924
29861
83046
85467
08185
12651
16625
118084
88192
29390
107396
011950
71022
61969
61873
5407
35138
4817
23814
18839
014362
0256
28243
48733
77658
97570
0823
88147
011437
76814
58949
56476
91498
92368
5314
56665
08066
78860
79679
114194
]
Roles[
00122
0050
00179
00102
0023
0048
00176
00141
0032
0046
]
