Classes[
40560
56677
44240
113811
4493
5665
16393
121836
59617
09738
123369
14775
65060
108848
49107
03892
013736
017590
111668
88962
83338
37300
08705
28128
8358
21161
77000
121053
07551
02516
22783
99695
29294
88239
94210
8556
01632
95605
42613
04475
33299
03238
41253
124775
29267
65008
0176
93218
51088
62304
53158
84333
44547
76152
106686
112069
59972
35779
016628
119944
37335
45296
64035
63401
013941
53597
23887
87538
8952
42018
80232
43447
95561
119926
11949
118684
0581
02674
80392
117342
120252
39801
01445
62319
27281
87010
4812
64389
28729
09397
33233
015598
17011
95087
112759
57463
120602
09532
23666
57829
]
Roles[
0066
00153
00166
00145
0047
0030
0025
00123
00171
00156
]
