Classes[
21936
4318
32340
85079
016040
75672
32303
15569
109753
34119
90253
40286
97801
02322
56512
82269
42788
012572
33857
84234
05166
71995
018839
24530
96490
33230
93216
116840
29938
120169
9577
94022
65700
38262
125031
73869
20876
1105
24856
6925
05969
124247
75303
42464
57265
65275
85490
05810
44178
45814
01595
102227
74455
08794
74667
24031
23433
53765
121633
20716
113336
013675
18192
16599
121755
123584
101046
35387
49627
27315
27501
51562
48307
311
62838
106520
94487
82027
111948
116876
2574
97340
62132
25867
72751
05997
70514
96389
05547
120821
03958
118804
07086
67549
29198
86811
25864
86755
13028
64335
]
Roles[
00107
00171
0038
00153
0045
00166
00145
00141
00106
0028
]
