Classes[
0174522
107511002
85616004
87218006
0151839
073975
709577007
121525003
118688003
0866
124986005
292770000
91928001
77188000
116202001
063244
701509008
066203
288060004
391077008
448868009
0151147
420051002
131877007
261789009
034926
377505006
313643000
0144321
183494008
334058008
283510002
211251003
428953003
0123264
0113651
0155180
0144660
0164781
412148004
44470000
710589008
262499000
362393002
418157000
19547001
0119123
73953002
245311000
0117402
]
Roles[
408729009
370131001
419066007
405815000
118171006
363705008
127489000
370129005
118168003
424226004
]
