Classes[
132459007
448531004
425099004
080395
0125586
129956000
294561002
252743001
042905
41870008
704082005
366186008
364232006
095375
229709008
0103251
0143074
083057
240253004
25869006
70174001
63597007
397677003
234773002
05835
402488006
083694
1131000119105
172984006
266045004
217297008
94170009
019274
228260002
362254009
0113899
103013007
363961008
272977002
252358007
105288001
024114
92704005
243242006
56137006
106188001
16212571000119100
243775002
067024
0163678
]
Roles[
363701004
370131001
408732007
410675002
363699004
246454002
263502005
246090004
363714003
370132008
]
