Classes[
058959
0123477
116084008
17623008
0119959
277505007
403351001
108492007
260056005
013727
28176003
410775007
258100006
202909008
178815009
040566
16248006
0154728
703161008
052997
79509009
247289009
063469
165782008
71014002
272771006
027858
118088002
420947002
296407000
038832
0103432
088403
0134143
052047
06682
358357009
114531000
0105226
0138731
93555009
63144007
0100716
164069003
083217
40825008
0105334
041375
35373008
403724001
]
Roles[
127489000
363710007
363589002
363709002
363713009
410675002
408730004
424361007
424226004
47429007
]
