Classes[
0126867
242335000
404038007
337664005
0139365
89037002
017830
404911003
076611
40625006
432091002
283195001
0123192
080008
0157955
0146889
065836
95933007
010261
0174428
465042008
0127890
0162202
175337007
212892002
51323005
57775008
90948003
010446
85887002
073329
463297009
0152039
32395001
187862007
063175
0114314
054095
0103207
230800004
13785006
245324000
449738003
029030
112650006
266951006
14151009
300834003
356443001
087316
]
Roles[
246090004
424876005
424226004
424244007
405814001
118171006
363699004
410675002
127489000
42752001
]
