Classes[
0144148
059241
80246006
064041
54738009
0140024
0167370
350157004
316885008
88017005
710818004
443244005
203106009
040947
235519004
213208008
322604007
288076008
203189004
430601001
88658002
4016003
315534001
223773002
0143557
068262
280298006
0129925
0142406
0110977
281756004
0117356
103880004
019916
439727000
365521004
449738003
86169007
0122341
90900004
199284009
441864003
169101002
209270002
171885009
282019002
22253000
01219
231846009
060755
]
Roles[
363698007
255234002
272741003
260686004
405815000
370131001
263502005
424244007
408730004
419066007
]
