Classes[
434102001
0112068
231168002
131470002
067549
0138415
425084004
024613
62827000
320674000
102613000
385565004
297479007
416971003
122312009
95481007
0101264
421615004
707418001
17541006
295707007
309190004
126489007
473285009
0172394
229517002
377081006
50441005
44213008
103832002
105337001
41947004
229908005
277225007
089568
431528006
708145008
79507006
204671009
450460004
300940006
084145
463302007
096438
426862007
241015009
16084009
044664
048548
707431006
]
Roles[
363698007
363709002
370129005
363701004
424876005
370135005
418775008
272741003
246454002
363705008
]
