Classes[
432564005
361300007
305895002
042283
097719
035451
0103374
289628001
368888001
271692001
047738
03676
439770000
067780
242657002
0169886
302319009
060716
0161920
122385003
0174686
017968
092358
438109002
462830008
389067005
064629
0130445
0157046
045090
071371
17526006
0160000
019209
35517004
292359009
400336009
404239005
05512
237541003
261083004
15754000
084141
293476004
49822004
059243
169746009
160267000
224150009
032510
]
Roles[
408732007
246075003
363701004
272741003
260686004
424244007
424876005
363700003
408731000
370133003
]
