Classes[
102365009
6119006
116223007
362114003
232739006
131778008
063961
94003005
080551
0158435
184275008
027354
434352002
060796
02109
110346001
468243006
0679
104717007
41604002
42050001
93651008
281068004
373754002
047083
170134006
0171275
63332003
010526
399645008
401662004
34102000
018432
0143799
698725008
0161290
26113008
29943008
044498
057965
415330008
429277008
0133544
059455
046196
92892009
0159279
087317
400049009
391441006
]
Roles[
370133003
363714003
411116001
370131001
363698007
116686009
363709002
363699004
425391005
363701004
]
