Classes[
164920002
276478001
081940
017683
56664008
097438
326593002
332526009
309227001
097341
0112298
388658004
80924009
54487005
09352
113348004
268654005
313837000
93951006
261423007
398096002
319921001
370816007
038245
315003
71714008
0146544
73028002
434124001
368139004
35300007
90509006
0166881
446637002
0174658
066352
388203009
299971005
35085005
065314
245722003
217260003
045480
08409
269100000
12117006
405640005
182854009
01710
115496001
]
Roles[
609096000
363702006
363709002
118169006
363710007
425391005
419066007
246075003
370133003
272741003
]
