Classes[
417216001
081818
072807
59811005
010425
058151
0129866
264750004
04781
0143720
242299005
0102650
0153868
73821007
448284004
74037009
0123201
308928005
239219005
083469
449370000
089381
442666001
298482004
84974003
46785007
090062
89295001
0155430
23351008
232655007
0161060
256692001
0127301
062026
0159502
064084
075466
039226
236620008
80100002
416107004
78639002
42869005
303959009
019587
0130646
047741
0115797
0119566
]
Roles[
363713009
370132008
410675002
408732007
363714003
246093002
418775008
246513007
405815000
116676008
]
