Classes[
9432007
059391
419656003
228841000
188891007
185723005
405764004
0100817
309470003
272214009
386415003
52151009
304214002
083960
448937006
044894
170632009
394579002
0168065
711587004
438594007
0101163
412122007
699094001
213275007
0173603
59616003
38705000
5920007
217107007
164061000
420009009
232226006
176268002
249980006
0150038
294759008
185251002
168309003
274621000
099958
366051008
244573003
094280
421069003
015836
167768009
388467005
249891000
039886
]
Roles[
419066007
370133003
408731000
246513007
370130000
272741003
246454002
405813007
116676008
127489000
]
