Classes[
61389009
010848
114707008
053380
223370001
0105940
117207003
59160002
402475008
305788003
433949006
0160657
164831009
422382002
018571
070096
235617007
274770006
295933005
059718
0170152
304203000
248320005
5758002
013052
37129003
041776
438883001
708371000
397673004
08106
23626002
364689004
0108019
0126774
370092009
0139529
710523007
086560
37466003
133145004
430843005
0123416
224689004
21453001
88982005
414323008
0121144
469518006
080587
]
Roles[
116686009
370131001
116676008
246090004
363702006
424876005
405813007
272741003
42752001
410675002
]
