Classes[
233508000
024783
251971000
083778
15117003
043876
427817003
274777009
0120538
82115007
11865008
394776006
0108459
279458008
432793007
0150650
088910
018134
439345002
061416
1098941000119106
0126601
041054
088719
031212
249057000
16421008
386381003
326869004
208870000
055114
05406
375119000
33779007
302652005
10421001
311862008
0160987
038134
048114
019768
49919000
0134461
130621000119105
0156189
327660005
275164004
179405004
288299002
230924008
]
Roles[
116676008
405815000
408729009
363698007
405816004
609096000
370129005
405813007
363714003
408730004
]
