Classes[
0115376
95422003
313227001
402320002
170571002
431233006
385128008
328432000
420448002
438738005
446912009
117886004
0147596
047591
407703007
82623008
0459
253996006
8250007
0120603
313415001
397431004
26289005
0104824
705457008
277477003
251415007
067787
440457004
0146275
251575003
219385002
60702005
70274007
39946007
022583
131064004
174296005
317967009
50438001
01580
110572006
93415009
0165055
23580000
162911007
43443001
209162004
94233006
367724005
]
Roles[
118171006
263502005
408729009
246075003
363714003
260870009
272741003
370129005
363705008
408732007
]
