Classes[
0167518
432045005
186003008
0134082
0162674
165696006
0127614
1653007
0135229
0159845
61260005
0119493
038501
038938
281970006
0111895
299002001
181422007
026492
255832009
249354004
02797
0141130
69940007
09243
53318002
181442003
251761008
130483009
063151
0126057
362802009
43122009
37615000
700716003
434478005
078346
304163005
71936001
74048002
74030006
015062
412585003
0174256
0145304
260773004
051334
409077008
097228
247449001
]
Roles[
363710007
370131001
609096000
363698007
363702006
408729009
260507000
425391005
246090004
116686009
]
