Classes[
132210006
0106830
92213006
414968008
0174206
368632007
061257
31176002
071091
288838003
81632007
36925002
0147394
0147651
704598005
293877000
34329000
0162682
056125
0108752
0147799
160560002
112828007
473345001
0168690
0132591
0124850
0154797
259799004
713176007
367468008
31694007
245099005
92009008
134600006
364419004
115722008
413645006
032588
047892
06250
211686009
0106634
253514004
712612006
465567003
115529002
709863004
286149000
417472009
]
Roles[
405816004
363705008
246513007
246454002
363699004
419066007
411116001
118168003
116686009
255234002
]
