Classes[
237012001
49968000
37539001
018110
714111001
0121483
706133006
059697
0171755
711226006
468674001
170135007
011567
237339000
060068
49687009
085633
115720000
045267
61377007
0101343
46009007
440455007
299783003
450782005
448985007
043088
114124005
228592000
286448004
282174004
39694009
73665001
111038004
249696007
48536008
073943
336226008
240226003
048088
047840
438038001
0151910
17576008
51156002
13100007
060591
241968001
104311005
473461003
]
Roles[
425391005
260870009
363714003
419066007
363704007
363703001
424226004
408729009
370129005
408732007
]
