Classes[
302949004
420659001
11786002
372723005
108893007
0160578
426155000
031183
441915005
22957009
0170180
73403001
414494005
898009
069926
240628006
12179004
64311003
0149315
0116591
52054003
29445007
257306008
366053006
020450
227102002
446852007
396445003
076117
096983
295727008
0168063
63219005
57760000
194983005
20685001
010049
105664009
469196002
07687
0125494
241196006
286638005
311439002
609449004
075331
237133008
037407
413860007
445751002
]
Roles[
363700003
363709002
363714003
363710007
47429007
424244007
246093002
363703001
363698007
408732007
]
