Classes[
042437
0119751
403305002
043277
0299
91247006
69183002
420314004
0162292
091977
0154330
035102
023332
074651
110449007
052043
116510001
164104008
0157974
0131605
414417004
091385
467655006
06706
300418006
038548
072804
31843003
312561007
402233005
0163142
132419009
418103007
132771000
44452003
017416
257133003
235905008
08365
020882
420590005
704372000
0115850
0114940
367408005
090005
054836
089236
399880005
05923
]
Roles[
47429007
419066007
363699004
405813007
260870009
363704007
609096000
363713009
116686009
118171006
]
