Classes[
0931
06641
114612004
087666
473262008
012471
417690001
0116334
56267009
038478
715069001
76988007
140188009
074796
373595002
218031003
84970007
399584006
069595
058854
263906002
299569003
015961
0137085
08236
85765000
182960008
376402000
261623000
170409002
14843009
269718006
446953001
42277004
0101775
85929002
0134936
0144564
89535003
401759006
0145167
225905000
065626
446693001
025434
028627
196539005
350083007
245704001
0163986
]
Roles[
370130000
424244007
363699004
118170007
408729009
405816004
405813007
370129005
118168003
408730004
]
