Classes[
0100668
79939006
262582004
280040008
293411003
398885006
0171239
23830002
23665004
426830009
292384007
093215
72356007
4692001
0107755
0125192
048722
0156858
0137914
0145322
271794005
262707005
369383005
412907001
129120004
290401009
133654002
079827
035487
164400006
194903007
027088
231296002
031197
095948
70380002
63744003
422844001
420442001
308367006
0126564
252789008
364371006
70885001
297716005
416919006
0107735
408766003
60512001
255957003
]
Roles[
246075003
408732007
118171006
424244007
363714003
363699004
363589002
255234002
118168003
370130000
]
