Classes[
81472005
441519008
714365006
47227006
415665002
083874
31617001
459123002
0157382
259387009
131794001
247567006
078617
418682004
23422008
36702005
0109999
0106285
77497005
249146007
16836001
698980006
401172002
0137682
233384002
273602004
031917
0102031
23363003
0115190
066747
0120439
065128
50487004
0167075
67362008
0132224
168472007
103652004
425813003
423389004
025607
069667
011726
0154713
7740009
469422003
466739003
469717004
036996
]
Roles[
370135005
118170007
424226004
246075003
424361007
405815000
118168003
363704007
363702006
363710007
]
