Classes[
0120301
0109542
07486
387211002
698705009
064951
0114344
0105357
0128036
711569002
71657006
041220
0165324
449419008
064875
023048
388358009
281163005
244849004
466021001
078875
0115477
271010009
181704008
19616004
0101791
608959001
073535
415015005
90185007
0151048
26412008
077253
0153192
63259008
242444003
56393004
0106468
24675006
089231
129593003
023884
280868008
306836008
294235002
0105543
73891000119108
224295006
181796003
035444
]
Roles[
246093002
246513007
363703001
408729009
363704007
47429007
272741003
424226004
370130000
418775008
]
