Classes[
058784
0139792
447683000
438865009
60714002
413050004
86779001
285709007
105022005
170578008
035050
0109216
025217
0130200
51179001
405068005
237288003
426361005
261062005
0772
430050008
021113
0113539
23496000
05865
3711000146108
0172399
423774006
052221
283361008
088183
96030002
248047009
159850008
708051001
0150130
060554
41655009
6577008
42708009
083675
043971
081177
09867
292644009
281067009
105994001
271700006
208414008
0105809
]
Roles[
370132008
418775008
363709002
370130000
410675002
411116001
424361007
419066007
408731000
405815000
]
