Classes[
299565009
470455002
330373007
48040008
94201002
05109
033352
47696003
19588001
424813009
699212006
469719001
49567004
703142009
289024003
092102
058712
249316004
33122006
277508009
196863007
459075008
218152008
236967009
708585006
0124841
294832005
164589008
191572009
080300
366231002
060388
710066005
284771004
84126002
28277004
084434
0159749
0109418
261258006
279945001
200984007
025998
0137746
224806006
107074007
0170798
06020
028339
109900007
]
Roles[
246075003
118171006
363714003
418775008
116686009
424876005
246090004
42752001
410675002
405815000
]
