Classes[
439090000
0161
62451002
449926001
466910007
88925009
026342
234588005
0122797
37002005
286771001
239234004
0144926
290031007
080726
0123115
258619000
035397
428477002
311668005
051543
0156002
0111572
97161000119106
263697003
705446003
059455
235572000
25010000
084433
082199
25660007
108116000
25577004
0146050
239999004
0106865
215785007
105400008
074130
26576000
80848004
033230
72167002
406361000
3513008
0140614
031481
447135002
217423004
]
Roles[
118168003
418775008
425391005
246454002
370132008
260870009
127489000
370135005
260686004
272741003
]
