Classes[
020088
109790008
033319
0100426
438281009
0165488
0120446
0141349
282416000
036021
08702
081845
72102005
098988
465666003
0174602
253286008
0167543
106553009
238038003
282176002
3040004
232878004
0134618
057190
078729
368817003
061787
16050005
245545006
707647001
077829
448255008
277504006
703663005
183496005
409877007
42698006
699026005
043506
234953003
116816001
8389004
3162001
298460006
022093
103268003
0137227
338521009
084727
]
Roles[
263502005
363700003
246093002
246075003
363705008
127489000
363702006
363698007
118169006
363704007
]
