Classes[
77953001
0117422
286833004
363732003
434305008
092434
079644
463048009
10271001
029335
013197
64944001
280651007
430335007
434209004
045347
47884007
0150747
440445008
243444005
079574
244657003
609467006
710492009
031297
309166000
49454000
0130943
0169176
093319
410553008
054765
033182
233843008
28610000
73789003
0123140
0151489
419742006
082579
82994006
81488005
066545
113850001
046092
130689004
0160889
0150729
083968
306572007
]
Roles[
425391005
246090004
370129005
363701004
127489000
424226004
118168003
363709002
424361007
260686004
]
