Classes[
223961008
0138862
0124541
046633
070
54011007
089190
418211009
65816006
059373
289128002
279952004
060282
034080
192701001
226280007
414804006
0141087
107250002
083751
0158990
0112168
386121006
235555007
034673
389264005
0102735
0103825
059430
048315
0139897
470132007
421301009
121305003
015002
033489
035123
073706
84288007
075085
91364007
0161457
0163695
407213000
63907008
056636
298532007
14279007
062139
042889
]
Roles[
42752001
363701004
425391005
410675002
263502005
408730004
370130000
370132008
246513007
370133003
]
