Classes[
092851
59842000
465802002
161954000
413543006
0133872
04049
205206003
407303005
402254003
304495004
183126007
322165005
315274008
703839000
0118298
421481008
295392005
88946000
0158189
26831007
217135006
117344001
433205004
232830004
0134493
408357000
062828
14544006
35156002
021810
122811000119101
132017002
467140003
704626009
090791
231949001
087944
377203000
0122596
097402
025727
360494001
419514006
0111746
70134007
027270
025869
609345009
233090009
]
Roles[
405813007
363701004
363703001
363705008
363589002
246075003
424226004
116676008
246090004
42752001
]
