Classes[
120654009
443996001
024964
87937009
429819005
49552003
0157418
33784001
283003001
249775005
069689
409710009
0146329
41299009
0127020
447265000
103703009
067716
03683
58805000
448675008
433892000
425340007
094565
080937
067085
298333003
277388005
0156539
68590006
0108295
034261
232597008
449637003
74235007
387168006
130351002
262977001
93713003
32929005
024420
239603005
0163020
85643009
51013009
177090001
410637002
170089007
403112002
0146949
]
Roles[
424244007
118168003
370130000
408731000
260870009
370131001
246090004
118171006
272741003
408732007
]
