Classes[
03338
45114
6966
77104
109424
116487
78636
18377
60954
84673
120975
17765
011859
41415
21547
011217
58920
85697
57595
74150
4693
75804
42521
61425
66696
05788
76248
34717
3748
03850
107872
28805
105619
48882
80880
017903
36513
33468
75888
112670
47518
016973
114127
07148
113817
22612
75689
87869
02695
13732
73380
115178
114916
97308
11493
58134
32520
18941
02541
95120
114960
20926
32812
110508
9183
122206
08466
24345
34198
96229
24264
06303
101763
66701
3858
35984
120953
39415
94217
83954
108693
56261
118186
66624
49252
67033
04312
36131
70517
28780
11057
104500
6862
05963
114887
78498
103869
92333
125879
010762
]
Roles[
0051
00101
00115
00167
00132
00174
0027
00137
00122
0035
]
