Classes[
29547
88715
57648
65728
61382
65853
101712
05315
94087
03340
55864
10507
17114
011824
85102
92919
49898
4475
115254
124441
20001
13505
3180
105584
99626
51729
66524
101030
19335
62690
05175
014406
72140
100834
93051
40057
80919
03967
8042
101594
57441
49687
011814
24760
010063
96331
010156
3531
60521
93587
22208
10874
28106
9656
86445
45258
23279
114279
2390
115495
19064
11229
018016
94156
122197
101423
016382
120165
79807
81639
78557
57121
13838
53310
64649
91137
9649
3066
126257
4290
103526
122606
64467
39588
0113
54115
87194
74356
86392
20436
26924
07271
017491
76071
80342
011959
016110
14428
95120
77395
]
Roles[
00167
00133
00130
0050
00174
00146
0032
0054
0029
00165
]
