Classes[
95564
012119
80442
63822
55184
56052
57385
115191
113787
118116
98521
61776
017869
013115
15542
92439
96997
018095
21776
114949
3575
66435
84502
02483
58709
7135
58515
115386
35423
108187
56134
13960
112853
117601
125090
64608
21424
53541
17017
78464
10457
40299
2566
84057
123763
53111
98541
7038
18298
95481
119776
26446
01848
012412
116545
34524
122633
41208
57185
45127
81776
5201
48164
013043
49728
106227
8294
118720
47800
1984
102421
59239
1907
50538
111276
76664
42586
114157
73875
011279
50162
010725
43997
01015
124370
67323
113699
101333
63669
7961
29360
012112
99797
116237
117738
26737
119823
28719
83628
04322
]
Roles[
0054
0032
0034
00179
00125
0023
00101
00103
00108
0089
]
