Classes[
013941
4117
67418
2450
7142
33034
07966
17710
2964
0514
09568
50102
59510
123257
123638
117571
091
4516
90230
91536
95523
116315
011106
02128
116851
95676
16336
43257
100973
74360
07039
71919
72210
62481
106417
51322
09238
73785
110324
0757
96359
74626
29163
94140
7789
8581
10136
78207
110415
54890
999
2691
118615
74549
112935
26340
117300
52644
017292
0496
013321
54117
119592
87710
016490
54620
115369
14650
018703
419
116787
124691
28089
57550
38096
89663
01920
20197
6145
76304
70496
48721
52341
708
36140
124920
06425
012989
123479
35270
17552
86430
124727
07100
015311
58990
115426
44322
54591
3576
]
Roles[
00171
00103
0037
00176
0066
00167
00138
0081
00165
00145
]
