Classes[
96461
110177
123010
75481
90767
018335
117173
12768
32719
100686
43894
98398
106430
59949
9183
60823
112136
63699
83064
018155
4138
72827
68296
4902
65461
2137
01614
14684
68242
97059
36214
015215
104175
34724
80130
44720
29667
106358
37545
110486
533
6151
15543
94529
64926
124777
60919
11824
30111
78453
5741
33417
45049
62545
55252
70536
98846
9089
5418
49842
017808
5845
95533
105347
79885
81808
70831
52417
97682
11153
125536
75590
60026
012458
02340
117429
017724
20477
72906
5730
90076
33747
7160
55882
98766
73075
60245
013802
016013
65268
102255
07268
07097
85851
23313
32718
50388
45471
014581
16959
]
Roles[
0050
0042
00133
00100
0025
00176
0038
00169
00112
0029
]
