Classes[
100198
8118
95593
38956
124944
012221
27263
50175
84563
28406
58336
119831
121077
63155
05018
61888
77767
2734
123880
91269
29562
124144
78112
45028
04895
69176
55232
014489
123594
80457
6797
72610
74782
6006
113457
59826
28149
110314
018025
014815
10231
96251
08273
34586
42680
41516
42482
89477
12753
7320
115912
63179
06738
84814
66045
011831
43885
77995
60191
010862
117476
06592
28373
60211
7358
42609
87063
39768
741
6248
82906
103539
56071
011711
75598
014314
109527
8916
54787
39799
10863
74903
108299
52597
015919
1246
41659
93415
63444
98503
126204
118755
66503
44388
77273
05596
32103
2068
54735
32860
]
Roles[
00163
00159
00178
00101
00156
0034
00137
00173
0040
00126
]
