Classes[
59987
018821
37851
97254
29515
37411
78786
47721
8555
010923
11643
122671
012313
33966
07033
19608
102689
26396
35287
66204
13614
80282
29811
685
100603
85486
58648
56623
56181
65707
016770
56273
88638
121248
50230
81766
121150
32245
71279
14798
83557
4428
94427
24041
010846
018404
52809
04132
123416
94591
68760
58532
23072
61781
49051
89187
101433
014019
5908
32707
18861
100415
04290
103807
017157
019213
98632
123606
54965
123071
76188
62624
57444
101382
24261
010968
84642
116202
24490
45556
2219
13541
44572
49391
95043
84292
013320
47902
017483
123411
54013
120242
27323
103549
41066
103047
23152
62083
86864
44192
]
Roles[
00110
0044
0027
00101
00115
0047
00141
00132
00138
0036
]
