Classes[
94700
78783
102209
107413
93672
7885
32922
12777
23702
25905
013368
09967
83702
76565
49651
017648
66583
29056
02986
32522
42903
49383
43983
20020
05260
07365
124771
89235
48466
68843
45491
119184
50339
04149
121244
77479
45044
53268
53604
102772
55189
56425
011498
75689
013234
62076
68869
7955
2992
29917
83189
119400
68529
89779
73934
68674
18375
121442
24583
51851
115794
58599
62231
02568
52296
104566
017993
15031
05770
105832
08459
96333
74341
113955
91852
122386
77313
109440
111437
03943
124296
013560
91726
95971
92979
41437
110929
120539
07141
74080
106071
013710
35765
26710
011321
04681
429
111627
7596
87401
]
Roles[
0081
0027
00105
00155
0038
0045
00170
0023
0034
00126
]
