Classes[
101719
8152
81385
53732
23937
63066
04784
74494
88425
89824
86385
28614
117766
116508
53488
018047
03399
51319
81792
97116
45398
52562
015839
018015
60180
23544
74238
43277
33128
3317
16785
120796
117274
67012
5012
014043
123846
44360
78417
33251
02641
14810
10163
107720
53581
05001
18096
2721
9452
50311
35869
67434
89864
95755
107464
115719
40278
80966
64134
94762
86382
89603
39180
96355
54006
73417
28775
124717
09917
18309
14788
02136
114605
0848
87022
124872
91262
115049
111062
92761
03785
04901
59884
107052
10525
91646
42042
62753
92189
017479
01069
57485
71114
105502
32288
43974
111754
89492
122093
7479
]
Roles[
0054
00156
00155
00146
0041
0025
0029
00108
00141
00142
]
