Classes[
28031
97370
10543
55820
113791
84543
109836
42203
55547
89429
88723
62964
014713
37279
121490
52484
125716
013345
93725
83800
40364
98606
34138
21625
2979
23108
43219
116037
23352
59916
63285
112625
27602
116586
8098
75360
68798
75103
101240
83035
117927
0772
35620
78666
4354
12057
86792
118583
12409
89228
21009
120528
116763
119049
40821
29804
113517
02077
0736
65629
33731
06545
37372
84660
53658
5540
92115
17078
72174
18980
82775
014675
82654
94344
70755
121665
015345
59275
109023
121846
94581
69071
5413
56433
82766
113540
04437
105601
113557
42185
23001
25220
13595
100402
66356
72699
113883
15173
30053
97847
]
Roles[
00169
00107
0030
00140
0041
00113
0029
0038
00105
00138
]
