Classes[
2118
59983
94869
18083
38103
63863
119608
28601
63669
71396
35113
21893
016757
28243
95646
225
014360
13558
57712
91173
56640
53453
017680
54331
100089
18001
72644
64022
012658
20247
015688
50036
47789
0388
110810
85311
77875
43947
27936
7046
108730
65475
65183
60450
018934
103956
22997
1508
017329
07402
9245
04501
77311
39142
7876
60890
30001
22565
108171
9306
72218
2911
39628
26511
81286
104969
114325
50390
65636
108656
32782
73752
99399
80505
03592
23969
59042
20438
5878
39820
27766
113907
42308
01995
93521
19536
95061
114221
8758
22200
010655
03989
08414
42136
013215
43695
23872
018585
44457
87668
]
Roles[
00102
0035
0089
0039
00100
00133
00168
00107
0028
0082
]
