Classes[
012135
110407
105727
6062
02089
38689
121242
78103
92909
53716
014713
110889
94770
77625
78533
106685
66241
45176
40698
98854
82416
68257
23776
110194
99873
44642
123903
42488
87744
64822
110203
012173
51830
07921
66048
124627
34998
83940
40177
015562
77613
95476
121717
03511
45286
98975
9873
77732
75210
76548
48195
02405
68750
5008
90482
53246
58324
74874
23177
68850
32469
58730
110958
0568
38760
118323
15558
06624
9156
32863
7038
32046
56207
4255
36725
107541
59648
52513
41528
015774
109900
64723
43333
50821
97457
91673
863
10284
68921
61063
45077
24374
04534
07628
37133
87114
120916
107161
17318
124324
]
Roles[
00100
00155
0041
00170
00178
00169
0030
0066
00138
0051
]
