Classes[
018373
55614
33558
59039
2520
107344
07460
08276
83487
38314
17847
010684
82498
103593
86568
45454
17983
115600
65284
011875
63759
07339
65070
09586
012434
98553
02685
3772
79299
58279
119718
122601
4422
87057
35477
09876
75855
017476
106074
95362
25159
93372
17609
113567
8062
39428
94191
33008
110796
107359
112662
48595
108678
01246
53994
48422
52509
79687
03795
95647
113788
4420
71924
37793
6408
28505
013662
11832
95554
33802
3787
09451
011165
66355
27480
79700
37003
018175
80310
33845
61343
88654
20715
18183
22652
02986
49697
83581
08701
96943
012571
58037
17769
35800
014234
93761
5432
38743
86497
105209
]
Roles[
00171
0032
0039
00153
0023
00135
0028
0041
00172
0046
]
