Classes[
14584
8818
13082
112246
111745
99009
2576
91383
065
110615
29529
87292
1126
08517
56099
72805
202
12386
011190
109660
59427
20857
83224
03119
81603
94414
83360
8741
54321
3359
97790
01536
108869
3716
60001
120112
67557
39021
84259
06301
11548
117363
65303
013038
04553
38415
9508
012106
123307
24741
113734
57032
69269
02577
55323
72407
018777
73075
366
018972
93053
8762
83090
56079
23885
102547
011840
78285
97709
1694
16122
05123
91898
35633
017937
17884
93617
011653
111390
3749
06358
110294
114080
42696
90194
61311
06023
011611
44088
66719
82405
71620
08100
38852
102571
14025
26685
05043
105018
40405
]
Roles[
00122
00142
0024
0025
0037
0039
00153
0048
00116
00168
]
