Classes[
91182
104766
115800
32818
03326
20397
42380
121676
32246
72057
84148
52236
39104
23836
25682
103428
8787
42495
44442
110864
36821
62105
04229
42053
115178
121171
123101
02708
110947
15186
21424
10826
123734
63252
111694
102790
15057
48988
46109
3440
123791
105694
91775
33770
17790
71338
25597
95244
018632
93434
120457
016065
36740
05629
11043
85278
38303
36687
55504
9589
013436
116254
03270
013445
72055
48949
83196
116424
0841
88360
018409
55127
116396
33047
37518
0125
124511
16126
017263
09909
96049
90539
34108
08765
112293
123999
122013
124788
25677
75105
32636
122934
2987
87282
40254
17068
50108
54691
44234
05520
]
Roles[
00125
00113
00123
00139
0024
00126
00156
00140
0038
00155
]
