Classes[
105815
04816
09257
72634
12307
108060
125763
24943
014703
20478
77977
28071
38619
89831
37337
119693
06415
49876
97331
27048
07851
45530
15005
03852
54665
09484
015898
84643
14013
84702
12305
3276
011829
0327
105857
71654
117959
017977
12371
01191
41743
05912
99538
78062
018853
013428
59383
89530
19849
07683
66291
97289
34043
79476
102954
45664
018392
014411
91198
84451
09874
87874
87538
25949
44068
012354
99396
64236
8960
111994
87352
1326
79629
122371
96848
99078
03461
68335
29804
71545
124859
19309
43899
90272
21344
25786
50652
71564
50027
105024
9421
27145
07662
10863
19044
2268
22397
20314
27330
09181
]
Roles[
0040
00145
00159
0050
00167
00175
0088
0027
0072
0041
]
