Classes[
90102
42223
64183
104875
126157
114928
018515
98083
37210
92732
97247
09086
119202
95130
117709
35203
110845
21096
105752
43509
118118
56312
55047
71536
103774
60314
01647
055
50202
108389
012365
113638
83598
118450
16634
78165
52899
33914
4775
66899
59583
07468
96515
112952
124436
38583
105762
014433
1506
79317
123849
15535
34386
08101
015318
89880
110507
91109
41085
48697
81391
014336
103786
119497
42615
65014
018408
116106
21792
54802
9614
39429
124332
123982
101842
103081
28784
017540
29320
91078
01281
63862
74431
013202
71701
017589
6652
87682
27715
44992
112828
105910
81369
99079
124760
124522
02924
01624
65341
116344
]
Roles[
0028
0032
0053
00138
0072
00142
0023
00175
00146
00115
]
