Classes[
114184
74579
22632
102831
018360
02793
112299
87149
52236
38858
36989
44972
84783
53661
71635
8846
017475
837
122411
02399
117279
20758
43390
9320
54168
34218
017933
111874
28633
22098
72872
56757
3868
29584
40794
111248
106023
017354
20677
12513
74945
105978
66752
85182
17368
24849
56639
86932
9361
102896
99173
104082
124239
100296
28727
650
11922
105309
105793
23177
0412
43643
97066
36954
42708
106277
96206
23509
54226
36931
03656
04838
93820
125936
18648
013697
42117
016499
08712
100405
60723
75363
86949
9487
99961
22716
37767
90049
56729
114867
06094
016649
319
9933
24558
124434
62219
41021
36360
119720
]
Roles[
00165
00150
0044
0081
0029
0052
00158
00102
00171
0027
]
