Classes[
38538
60927
86441
122232
64119
65200
89022
54973
60175
46128
015429
64481
2122
80865
11066
108774
59334
26397
017561
0582
8079
89455
08755
09015
105593
100614
018239
64904
91330
11060
120905
16544
70527
014971
747
120219
08902
74041
25751
20437
44789
17338
38010
66692
07230
54292
29677
21612
84776
013116
94068
52006
76367
9361
71299
99400
101974
45825
81430
81237
74680
12142
70910
28450
104075
14612
120353
28901
111851
89144
60179
018957
96670
119601
111241
44408
57560
109117
1360
50554
014537
1203
23239
17287
80053
20822
110151
015443
80538
50805
36221
34780
42939
09808
013347
49588
25113
116780
98247
23056
]
Roles[
00163
00145
0036
0037
00126
00101
0045
00156
0028
00133
]
