Classes[
28611
62713
27407
73944
619
016866
110683
23404
116620
901
19169
016012
56325
018625
121347
38711
07666
123597
7641
83369
58906
109001
014910
012606
86275
104498
53555
13339
108619
52127
113242
90323
11404
21161
018806
07516
103750
014507
32471
88443
33380
015716
27187
28656
84882
40783
66494
7839
124548
019265
44964
62872
02955
016865
38084
126115
77536
011826
74504
56046
01350
96522
74922
91314
107334
62200
119776
101205
65734
118782
52380
010643
92434
20984
101093
02238
61807
37852
112478
120237
123448
122724
013946
45437
24558
013686
110718
80864
42253
79270
25043
75823
014642
118672
6208
98446
96833
120538
55573
96431
]
Roles[
0047
00135
00107
00170
0054
00131
00137
0026
0025
0039
]
