Classes[
96758
45760
74880
119948
58032
15022
83923
111942
39403
7215
72581
61752
46059
62451
7342
017154
05078
41686
52353
106227
01383
35316
91843
77676
111634
05608
86330
45577
113605
113174
2928
017504
66258
103656
11541
82769
116472
84873
23960
86623
114887
92771
09202
110983
101415
1730
100446
57037
39711
39044
1683
23896
107146
48228
88614
100713
119557
53528
014056
74665
015338
013953
02812
110899
39636
72171
94440
14993
02341
013287
019028
61639
09826
90452
113656
104905
81673
21155
96187
41626
122985
24606
22865
81172
77575
50475
14696
97230
010391
23556
80164
03057
100733
9672
109763
52539
38895
87960
100860
41866
]
Roles[
00110
00101
0035
0025
00107
00131
00142
00133
00160
00102
]
