Classes[
50274
22903
107405
6058
76584
126126
112580
62099
25770
52412
58145
99756
39594
017720
109987
44664
37373
89594
88243
54639
79784
51202
18350
114838
75076
85317
010886
27193
110202
65673
85465
111941
71591
59630
122194
3207
81650
26394
017752
29831
85199
21668
118983
99393
52151
91655
78682
2644
38362
113757
35390
120714
91232
97002
88704
64181
69269
20075
65198
63929
018400
43319
98113
24810
23073
10191
16561
32706
74289
104549
04034
83371
70507
27633
44228
81725
89809
103477
76137
14326
111880
23682
3345
14145
97230
120824
44465
123584
88071
53519
63193
118375
3105
110134
64581
014785
96607
17224
010869
49112
]
Roles[
00174
00175
0039
00101
0037
00168
00105
00146
00172
00176
]
