Classes[
82414
116222
86433
5158
68383
51120
17773
45622
36486
85399
06330
107728
55250
19645
90257
106147
33446
96123
74195
100970
6809
104673
82006
010859
55197
34695
45569
51838
47389
51378
23811
43937
08070
03259
19536
14991
110367
19064
49525
55483
87702
117472
25327
05408
76247
81871
54258
33924
112905
108120
62755
07740
06083
123759
01543
22664
4499
018260
117641
2669
015217
67007
017173
98357
23488
36227
07706
65313
21817
61410
03272
101736
018214
2717
90033
7328
17152
26177
83531
114597
56840
58651
012850
77722
27330
017948
93980
78630
114586
91941
14993
018530
20832
58476
83234
122254
10549
011823
19029
95746
]
Roles[
00107
00155
00135
00165
0039
00122
0088
0051
00156
00108
]
