Classes[
85149
77748
106713
104066
106056
04293
112302
43475
24854
94321
53726
118820
96262
69298
101299
93270
016562
103179
93244
77660
2601
80399
16259
47432
123175
84144
41915
7009
05472
27851
4517
124371
90024
108012
07979
103288
122178
011751
02929
85084
25757
43417
14520
82140
47504
81666
3396
61709
124689
119545
108601
55757
92016
49085
106752
2282
015958
08003
9387
24722
79769
101131
89660
123342
012118
87969
5796
100288
38001
25448
636
70990
02384
54616
117627
42452
117777
103437
98381
74556
102477
65118
116671
6975
4669
104432
79209
122323
38461
80672
94462
014769
119786
06000
105384
83281
47508
105429
780
13986
]
Roles[
0035
00145
00130
00171
0045
0037
00146
00100
0036
0041
]
