Classes[
66900
22831
45954
02271
125219
89310
48995
29361
14244
45665
93709
40740
59891
32475
09989
75510
02394
83991
102711
05648
64919
24036
39961
07561
5475
96795
09671
1053
45384
02074
86492
112447
44885
102517
115449
66461
93608
60930
117684
13433
74073
754
6927
39516
14450
56759
09068
100934
48003
03031
53860
011502
59810
47722
97807
06480
55061
125842
8871
52434
013890
121752
56992
87388
7148
95144
71810
77246
011788
93095
53518
43431
73879
1333
95176
75403
61296
2627
68898
70606
56356
20440
15402
5305
98903
29784
019095
96637
83753
43220
02200
102141
75452
1190
45315
74145
88237
82249
09828
21814
]
Roles[
0035
00138
0045
00163
00172
0048
00130
00169
00101
0072
]
