Classes[
74661
36448
63616
51006
50447
27945
26304
09682
3832
1211
118692
43531
14571
114984
09389
110461
012849
10592
011301
19661
116877
106639
126326
02567
111224
28774
80413
88705
64731
8497
014992
61889
3905
107066
012268
35601
013332
10903
80537
62752
15340
66633
013540
017970
78229
7279
124020
29257
90805
7609
54363
47707
38925
51900
120497
114664
119345
77046
77053
94957
27633
106266
17025
76421
98072
26950
32658
04170
105129
23183
99265
71176
72695
7271
011030
011769
55420
68895
125848
8863
19848
124678
13325
72486
35694
35820
107444
37306
12152
75738
011291
016991
45733
02118
117936
42768
119654
112866
013636
12717
]
Roles[
00131
00170
00169
00141
00158
00177
0046
00123
00110
0029
]
