Classes[
103006
33430
05427
54366
10955
75413
89909
14461
92073
120249
58633
02353
66038
77291
83506
30060
014173
07592
112605
90782
77087
113423
43754
27565
33144
72628
114421
119232
05354
85100
71217
95268
64813
4940
64595
857
117761
110138
14028
05235
073
69175
105016
40225
88932
94789
57978
81850
025
104834
40109
118748
23623
96316
09221
69252
88864
73368
117307
124183
72262
92423
13134
3167
101261
108085
77030
3267
114333
75937
28928
014926
88750
113830
07502
10147
20591
116289
62854
44094
34092
23460
63990
27880
86284
63841
117928
61023
90415
106211
35432
4217
112956
117759
87817
117708
126174
9335
87850
19707
]
Roles[
00125
0039
0025
00105
00138
00124
0054
00172
00168
00169
]
