Classes[
83562
86722
18589
65532
38508
76521
93561
95698
114738
3096
114091
118964
55407
100731
67134
35012
38600
103878
09369
50936
87758
84032
10714
104792
76963
0657
77488
11159
011290
59818
09742
122076
10677
62914
03178
96544
113469
61611
43407
97426
010673
6401
93033
38335
83752
25602
6196
116007
1571
94430
103561
68413
103480
17442
15334
013320
60781
19723
24336
102088
01854
35825
104980
39496
70836
55333
115330
04138
106371
39321
50759
99343
02205
90274
57142
35183
112565
35156
1992
124640
89420
03868
74480
01444
106543
93942
109291
118515
49203
60667
3362
89676
07834
45180
80935
012487
80534
0127
425
6105
]
Roles[
00145
00135
0028
00173
00130
00178
00165
00163
00142
0036
]
