Classes[
111400
5966
65956
0270
93106
011519
05082
0150
02823
51884
71959
62007
46050
21189
06439
28649
017181
124912
68351
80582
67039
590
50781
49310
56297
100457
98644
98080
99174
95646
06444
38592
23020
121791
018812
73168
53701
106624
22529
83939
80005
108511
23399
77801
016969
82818
012934
52237
29723
010469
96262
94379
08048
25579
119700
90576
64232
108662
017785
100792
1287
36855
110647
88278
08159
99843
16905
48346
1867
010699
63014
13387
16028
126268
76417
08684
50567
48410
014639
68677
47569
105721
49778
90716
93534
66711
62275
101645
01532
116554
121236
23022
59684
13541
53954
77335
82018
20016
45042
37791
]
Roles[
00132
00104
00177
00131
00179
00150
00141
00175
0050
0027
]
