Classes[
112175
115335
15997
51741
07694
80216
12463
11076
80586
77691
92931
26980
09219
1898
01638
93319
36209
92308
14621
65084
49555
65049
011374
011653
75706
018469
38605
21906
92749
26528
100317
94956
2079
55108
77477
57866
54843
106966
82258
48595
014046
9995
19971
102848
56074
05395
23968
92730
105574
5700
73256
57893
111178
83094
03631
26947
28024
80334
64504
10955
101989
96156
010000
92520
39252
53807
45914
9367
9484
45769
100643
104200
115625
010249
010866
15818
34143
88740
17080
08292
92344
36388
93424
93469
88060
98206
72190
48909
123002
87553
105529
20858
70687
74718
59124
17445
24021
118604
62319
23513
]
Roles[
0048
00101
0028
00179
0034
0089
00137
00131
00178
00146
]
