Classes[
94174
42011
66801
016416
105106
24128
22310
9551
5088
54885
40243
85353
09304
39100
015662
91171
23820
93683
84574
65521
5967
7426
20709
45135
43607
01891
104072
26844
83164
51863
07131
97061
42253
51639
2211
110062
50202
63661
88239
20416
21471
7234
125912
014027
7391
82814
06063
105197
010896
22206
0242
3700
19797
019114
35272
50795
98487
118667
8950
120536
02864
38187
24094
33545
71308
119550
34663
15644
105045
57261
5300
21624
20842
48060
21200
63825
57673
95211
59273
7727
05586
52285
7402
02304
77074
07933
24747
61219
13009
25405
36764
39581
98110
14149
45230
24194
50609
62805
71555
119321
]
Roles[
00176
00126
0072
00137
00155
00105
00170
00165
00168
0030
]
