Classes[
119653
26796
112359
04938
102372
100583
75991
112381
48407
70553
14152
45225
60230
124391
10340
17869
08605
83463
39848
23897
016854
73072
109765
017187
47772
123749
96846
105350
457
39302
74609
26812
61904
50357
3435
24305
13225
117548
85414
94771
105587
43763
2876
126255
97307
07813
13474
34672
38497
84274
122067
38906
019183
107388
62092
93969
05641
24496
91362
77887
012048
15803
87653
83466
80850
114612
37786
64609
125895
64162
66446
27842
37180
0553
013165
25996
78804
33019
11571
36351
57564
20311
61435
63792
68677
19867
2438
44961
96871
018983
08604
34618
35972
60655
019188
6751
112013
85131
4755
018942
]
Roles[
00170
00160
0037
00122
0088
00131
0047
0040
00130
0034
]
