Classes[
72505
66964
108739
61593
44263
94654
12579
18811
014164
41964
015842
125534
92958
124166
63740
90894
84979
106403
81745
94667
83979
28801
05447
111157
120021
58983
60902
34659
78231
9565
010785
16815
86983
04646
67284
65438
61870
24050
71331
38540
017027
59836
1568
01633
018230
16977
104601
126114
98825
32717
06908
014950
89454
03279
49047
93397
19379
124986
44652
23502
79897
118430
24847
115790
111899
45744
125724
122208
79860
126106
110672
74485
116672
27786
75620
34797
13059
119679
84393
016943
26178
44921
12998
0593
39746
29810
03861
91490
36054
6403
15001
42200
91228
84456
109316
56033
49508
72928
120641
014638
]
Roles[
00137
00104
00107
0072
00100
0038
00114
00166
00165
0044
]
