Classes[
45284
34630
48670
39934
27875
21447
52112
016863
61508
126032
57319
1010
80612
08813
111732
28703
120460
100787
08539
114611
19753
87912
63043
66366
012236
08021
51016
05300
97926
63183
013470
51710
119924
125355
75080
8372
101106
08300
937
67321
70716
119707
75126
116708
103689
69279
16261
16240
113861
92078
51904
10461
24605
101906
57131
79602
110735
23395
101409
010510
45531
44692
45839
12833
3298
39321
115620
72810
93297
115561
34899
013450
52323
06381
33205
99523
121514
81059
124057
63242
72531
2325
22178
78191
88811
12335
20945
36148
72193
94449
09764
16090
56187
04632
41753
37018
100836
38468
38604
25456
]
Roles[
00155
00110
00141
00142
00176
00106
0024
0034
00150
00172
]
