Classes[
77737
7027
04907
3368
07671
47397
60798
16872
17543
44172
85783
8282
07319
53774
109832
124656
107247
9891
62438
22190
019218
95301
100285
38399
40149
014350
11658
78073
102573
123816
20581
112007
49579
111821
116115
07264
04966
83527
5370
114500
26703
9426
106645
56245
3524
011397
95087
74540
115173
112084
011929
63976
24438
72401
102031
66580
019012
70598
13654
18600
27502
108941
126260
36211
76209
95336
68680
01326
123623
09620
32788
120418
56822
88540
13677
013040
59564
04339
108148
95430
51758
79943
0141
012045
111389
016109
20206
124551
56125
4630
75408
6453
106220
11516
113390
07856
108727
05663
0530
82143
]
Roles[
00114
00113
00125
00130
00131
0072
00126
00115
00122
00167
]
