Classes[
68604
44529
118564
11826
40692
39142
71660
6755
120996
113813
115719
58043
04867
16043
26713
04198
107012
69024
111067
75964
33452
99374
85019
58007
92142
97068
68974
09774
01339
50505
79844
43584
121612
11962
106028
85715
84830
16991
51090
102780
13476
61281
83661
77470
92968
64973
6146
21458
93094
113429
37448
111408
115066
67270
123791
017929
48817
123927
54694
53513
010145
77271
59940
01532
011462
10070
13416
93996
87753
101483
71998
89599
78003
48615
04622
117759
6462
012192
2946
123863
014362
10408
41232
88117
53314
73866
927
24746
115007
5835
98576
122322
23802
109408
37570
42587
07141
33538
79320
52062
]
Roles[
00133
00101
0066
0030
00142
0041
0082
00108
0081
0045
]
