Classes[
10771
017599
40052
12490
113998
50464
9443
18712
13959
04141
0646
26204
04502
49375
97443
76873
76286
8972
57068
90346
37258
122936
14134
08991
88596
13080
59206
06983
37734
010344
56428
103420
83349
6428
73725
116554
103145
52775
72581
113101
104328
50508
16394
03509
108565
65668
23330
107626
107762
01520
37499
49733
120995
111998
48568
106226
48857
24700
61961
96320
1449
106632
92793
44074
11557
119283
18568
16179
33571
124508
98076
11831
10929
50365
015281
1545
15531
90136
122635
54188
07875
111920
116483
26526
106224
53937
23011
016340
103897
85620
68618
32168
29075
010461
72005
015399
07338
91131
014
99932
]
Roles[
00145
0054
00108
00101
0038
00132
0035
0045
00153
00126
]
