Classes[
60363
108454
123382
433
07054
019275
66045
58784
124228
123881
24161
46072
113978
114332
63235
81349
106182
89724
18405
58871
33230
126168
69164
96432
103826
66612
54199
119501
54150
102555
115311
21704
23988
57132
113372
102887
102522
89697
125601
5022
3974
014490
124813
48354
122344
54078
107904
21495
76760
61309
41363
12664
99309
18719
100827
011084
89800
34821
112188
26160
49649
01677
27268
81804
03080
77460
48021
011626
107367
115767
23141
010507
111645
121597
80920
79282
26637
122951
122897
16846
5659
26219
54819
118487
18421
32940
90318
121872
84524
82419
100253
104994
016861
79979
016107
83484
119469
010117
99376
56967
]
Roles[
00169
0035
00150
00179
0089
00178
0052
00101
00108
00131
]
