Classes[
39596
8321
56931
125900
07084
018709
07308
94521
97075
16952
39278
58609
018610
93895
99939
122984
112326
3855
011441
125373
97061
71148
125721
40251
28991
07095
60141
71402
11036
5125
05162
21695
7265
06381
93284
125216
78114
51538
6700
81005
111428
27546
99713
105396
64702
87483
34555
67436
45271
66488
36740
17460
73560
88733
73489
20954
15442
94544
17695
77988
72154
20503
100000
818
09406
22752
01324
3269
104848
83692
108099
35094
50965
44892
81896
53042
108921
28419
39155
014409
34661
25080
120698
123122
15909
35316
102954
52030
107336
117771
64467
71248
112229
62279
63014
22111
590
018988
015973
95741
]
Roles[
00115
00108
0029
00132
00142
00104
00141
0027
00173
00101
]
