Classes[
33231
112901
67245
80653
119467
83516
112907
97863
82336
19599
013341
118500
93139
24930
63312
08555
88370
09032
20883
58387
99250
6554
88688
49434
87235
33199
59676
49496
41341
93187
20822
07284
121168
18668
2544
28380
108053
58209
5841
34902
116542
105947
44333
105481
53160
49563
108631
25491
76560
39562
013929
117029
57346
80416
21366
017766
12903
40010
65826
28424
97401
52429
20389
80075
122706
34109
26478
40502
07064
44745
66860
13638
115835
78315
43965
54746
07530
121045
121317
017740
73580
18830
54786
119939
82151
8442
114732
37329
79526
113536
105714
9071
29249
29163
2540
976
116916
3559
76873
05221
]
Roles[
00100
0035
00123
0047
0046
00172
0081
00155
0041
00175
]
