Classes[
12688
04442
42253
19841
33665
76373
95138
116498
19578
014143
27608
64279
91213
5282
83380
116931
06792
125563
62984
47982
41227
9020
90907
51540
118033
42604
102329
35417
106848
108291
126265
76522
106104
37935
124021
100029
117180
34765
66737
71271
98195
010827
40232
012821
36681
44771
8120
37410
101837
92794
7604
6563
62658
85873
34645
84021
10737
48499
55140
79656
12702
111485
93709
99107
0764
05789
016555
20308
9483
018918
014710
17221
42466
120747
52535
38095
25673
94645
116326
68980
121227
72139
43800
28002
27924
14665
58968
118822
16200
11739
27551
39763
105188
103438
15486
44772
27714
28005
37413
78479
]
Roles[
0040
00145
00155
0049
00125
00112
00170
0023
0081
00113
]
