Classes[
016665
110513
10931
12455
86235
79374
81685
125353
45030
28514
71794
010260
72541
119688
97307
103013
15298
13978
66297
106269
58297
9474
06738
87823
111805
40583
72101
82996
86810
26310
29159
123553
36915
58902
21931
94292
97498
24615
73437
116938
91013
27085
20841
23897
81236
21626
39344
15284
65734
98001
49942
8221
06520
0546
3914
81759
13634
18570
61533
28664
122663
3120
13191
17175
21802
86932
85111
93515
07283
33012
2730
108612
32754
86315
63835
9592
105493
016819
107352
016810
88358
100544
013560
7665
59486
94212
17666
93427
75582
06268
14176
124525
45784
86093
57799
16011
25784
11524
72458
16702
]
Roles[
00141
0051
0037
00179
0089
00168
00105
0081
00125
00131
]
