Classes[
29272
74434
27969
22490
09041
75835
9278
105506
83200
016860
014120
015716
52631
83776
119858
0243
1143
65200
39590
014813
123179
117327
81683
0988
45291
42472
87167
91639
114575
89496
5385
017608
81378
55372
6750
11370
104996
74751
95062
015721
61092
52184
63893
48582
86804
103270
57800
09907
36908
97444
05359
13427
116851
83543
121764
73831
41503
91478
012474
90142
63296
116598
33911
24490
86860
80108
9394
017781
20321
010182
24523
33098
4881
3666
87062
38729
99476
74827
28584
018571
28794
123986
73982
81915
124624
82751
57407
94589
82214
88749
81849
38023
119189
67493
33343
112329
124976
33445
121125
94977
]
Roles[
0030
00159
00156
0066
0072
00131
0032
0054
00113
00138
]
