Classes[
90482
35340
102282
09050
15819
22054
88581
52397
06888
103672
3188
38545
8333
70946
72114
3154
98622
36239
24642
111302
120080
016500
11346
62431
42895
107174
12689
57134
59953
01360
011703
80775
013834
99635
25796
61355
81398
60162
77743
84871
63832
66663
015309
22805
016712
99545
013129
018116
52293
106614
012245
01008
01845
111649
59490
63181
105327
14371
98402
120910
101370
08924
87751
72434
121176
111752
56498
08372
68819
5163
66107
124826
25385
35592
84773
16299
111682
111744
20489
85084
19340
73218
119978
63022
3610
79395
120748
10402
22438
56431
29110
12135
90052
106301
120534
86997
81748
83553
12868
43635
]
Roles[
0032
00171
0027
0052
0024
00115
0035
00173
0054
0029
]
