Classes[
123509
50912
018350
011749
75566
94353
89405
110413
1362
34547
104768
44949
49586
56004
24044
85770
96534
0317
68306
124028
100071
40151
96513
122533
96138
15844
26780
22781
14902
05979
121997
126156
73852
122556
81295
61939
102943
011821
016366
66671
45467
106600
24088
010596
93607
7582
114941
64582
121510
41926
015077
118890
011918
014862
112762
120505
29977
56506
114663
45668
48468
77840
114244
12610
75239
61725
38644
62241
019237
67385
20551
18518
82755
93852
40711
106795
09516
89997
09907
21557
84445
89408
22797
74035
66689
4767
13259
98760
15630
69216
120185
102074
59812
03095
25984
72022
79984
26899
50829
04087
]
Roles[
0038
00167
00168
00171
0053
00102
0045
00115
00142
00160
]
