Classes[
842
12612
19128
19656
86569
116225
19985
118668
20829
75505
91303
77582
21945
77324
87694
71172
125304
6039
64531
40155
04572
81369
113782
28870
120042
24897
114487
45245
113676
25445
111800
018971
48005
2578
33888
43518
67250
92769
119046
36557
97108
12388
38027
98403
64683
29995
88359
51296
72367
37209
32299
02805
114907
18218
18981
108170
106064
109757
01934
32123
011708
29530
010213
110452
87919
3626
17468
4229
84463
123477
015565
15494
49904
53298
82242
14094
75421
112666
25666
76183
80095
64873
116515
09716
117218
82276
114902
012269
3701
85257
07241
67146
16149
39021
9237
19947
29386
121109
90471
59393
]
Roles[
0042
0044
00176
00163
00113
00174
00172
00100
00125
00123
]
