Classes[
96617
80963
32907
99277
06494
86260
79480
80899
07902
41490
24570
10773
78603
83276
102959
119716
55300
02095
77267
53628
99555
09812
012092
2514
109023
72264
101621
9523
66340
05725
100595
47968
23228
23734
89620
87019
71801
38898
25474
57070
016979
94388
14937
21037
72273
100088
016764
121258
121482
111233
94530
103437
108565
25632
35124
17995
49096
62227
27053
8904
103195
81347
19335
126091
64735
69194
1151
04420
85024
015963
89611
15426
80878
122783
91777
66410
016454
111498
018393
124019
72944
05478
014763
19285
64864
012266
83702
34802
013958
94175
21120
80661
2998
63599
67217
74733
94276
96851
39397
45026
]
Roles[
00142
00113
00108
0030
0049
0047
0051
0066
00133
00110
]
