Classes[
19075
102897
106764
102166
011912
22697
26207
50766
85716
12212
33816
35033
64469
115643
60377
112721
35695
120088
109390
111117
40498
79259
43817
116466
89320
40768
47716
6764
65469
09393
83327
42074
52150
0638
119210
116766
116551
012578
32805
115093
04328
02190
19929
86848
04408
107765
121962
90456
93068
93142
45572
107471
100372
19886
010032
85463
015097
010321
76236
07450
109491
71140
11749
100811
78231
43298
40101
97651
28416
100590
58917
39269
12514
88541
44893
33942
06096
06856
26802
017709
35982
015684
119950
92323
92568
27832
06825
123056
32741
111812
87444
42934
23416
15263
118963
37746
014843
013750
22301
97203
]
Roles[
00130
00110
0026
0038
00132
00141
00114
0051
00167
00131
]
