Classes[
01894
93367
2171
2885
21703
14007
21298
80114
102237
73789
94073
104486
92237
112837
015931
10942
117110
36515
90742
57166
22501
013044
25771
018958
20065
20110
96560
48186
65806
55506
93139
99066
7435
28932
98140
08097
019100
82672
06406
118306
76176
39091
89919
84220
016787
04899
28218
3072
86882
55300
98023
82142
27774
27351
014827
99460
104959
52954
011757
58543
15130
03579
111049
12696
57992
3906
07914
07803
21095
0922
81927
05145
56892
117139
105888
6966
123110
27906
26725
20485
37110
122918
109892
32312
03358
21326
013987
76983
57231
01835
117653
10627
51954
41267
63388
18938
98366
112950
84315
68458
]
Roles[
00167
00172
00122
0049
00166
0054
0041
00100
0028
00138
]
