Classes[
108835
50951
17618
18293
017643
012571
24435
73828
36754
20566
105796
33285
11936
48331
57704
011891
58699
014443
06390
89775
61793
118637
85841
3953
15987
86159
110305
02421
13937
117247
17298
40592
103571
04246
08551
91057
55978
101550
60652
22847
010751
101785
020
101731
49161
101609
92991
117166
50580
120625
26595
80352
27110
119342
83792
61458
2327
21727
104606
32220
016091
014187
34764
107429
014846
87101
09508
17377
112596
23231
13164
37260
111106
68485
8219
018533
17718
62458
122787
04419
34865
20874
36337
113782
012837
52046
98535
66807
67097
24607
65661
6704
17701
106696
21230
118631
88367
5566
40325
19685
]
Roles[
00140
00145
0051
0024
0089
0031
00105
00159
0066
00133
]
