Classes[
03155
50535
11294
09806
17704
17110
011458
84843
119170
83248
74480
78645
013996
39507
84238
99103
9926
18331
40858
96340
122780
106424
23549
95623
53432
13004
19191
85681
19377
27383
014428
120898
37857
89902
112789
86578
59910
04786
96681
016517
96327
50894
0955
8509
58963
94269
77265
015564
61530
1692
14157
78801
56151
52775
10315
011037
28252
119479
13882
58715
83543
015113
60664
02962
42895
87889
83545
3384
121831
37119
26440
116358
38127
16946
04346
118310
108756
27428
016051
81820
86181
014134
99152
89774
74022
114285
108315
120672
78698
82478
34933
08768
62339
85504
07799
116945
58783
75211
27069
32444
]
Roles[
00170
00123
0066
00113
00107
00171
0031
00138
00137
0042
]
