Classes[
40929
72271
12456
15580
90240
112278
103759
01982
39111
77095
25431
017745
39672
116138
1293
312
108054
016566
011494
9426
40324
90072
013877
120188
58972
17581
116546
015505
125540
16166
21781
123416
014221
33433
016405
42596
34700
81623
8574
95312
57594
122414
33929
41814
94116
62621
011435
56777
03495
09672
2866
35604
16957
3535
22943
113344
112738
118325
71464
19330
24219
64735
96340
114051
118963
86050
112728
72252
100216
19197
1057
09439
102096
16545
04534
4540
123317
123986
123451
3452
73084
84601
16190
74399
32902
13852
121545
9660
85922
116449
11835
68907
116373
45127
07732
59199
94307
05895
18811
113794
]
Roles[
0054
0066
00173
0031
00115
00101
00146
00145
00174
0028
]
