Classes[
52432
56017
116156
07758
122226
09477
03968
48573
3193
4082
016625
65092
25683
48613
120957
41526
62665
106121
59465
59473
25566
63441
86104
73050
91041
108478
112031
13275
92486
37990
109430
019218
114353
22629
66114
36997
10617
1378
77685
13815
90859
28615
83400
073
1900
07249
59644
42199
90000
17164
111652
17123
38379
51238
125263
24783
11704
92996
14260
06359
08443
85937
96784
48266
80171
38650
33011
015837
011122
41501
19755
118063
27339
103398
66748
57346
81577
125558
16961
103182
34339
103501
122736
54238
22899
88520
52297
118058
02171
98377
85576
18802
12872
015790
1973
013838
68871
23877
38632
82960
]
Roles[
0066
00145
0072
0023
0040
00171
00160
00116
0024
0042
]
