Classes[
80014
0358
104923
107494
06821
58521
82776
019125
24357
45773
89233
05026
106125
68598
120003
89574
33951
72325
124203
015324
32440
1895
70969
32773
109637
36628
16497
20233
36191
77372
104714
90049
16419
113744
3432
8875
119108
92814
37525
121907
26702
38978
75713
05386
9397
115301
110234
017285
105468
81601
011511
012531
10635
92802
78200
29616
126061
29179
45166
4350
54449
90756
60295
23588
15464
27689
109600
25982
75524
65298
105196
91988
011498
74164
67248
110004
124728
5694
81820
58930
121507
015808
012537
44659
013223
6345
75694
53603
74808
13886
15747
68475
8263
66079
49382
5490
010587
55601
15229
113513
]
Roles[
0038
00171
0027
00159
00125
00110
0024
0072
00114
0044
]
