Classes[
08574
010880
42086
58756
09959
108902
010359
09740
22574
19514
34219
05806
23352
41632
112385
87476
103363
52225
9860
125366
86999
16235
119596
88548
14890
04611
07495
34906
110784
116098
93569
60280
013817
97231
06394
23804
28154
122631
76303
09085
61595
7967
100671
6991
0719
33510
49502
0270
013191
81843
22169
23106
45725
109169
84356
108953
50642
8817
109050
03617
23506
87946
015832
91940
05186
98652
15877
8641
118217
98698
73319
70660
016810
32369
35913
106938
74905
98465
123858
26608
100710
43795
38588
108699
09121
09429
17138
50418
100954
110582
111912
012073
79240
101380
27436
75089
103827
110057
38852
8291
]
Roles[
0047
00105
00150
00140
00169
0088
0027
0041
0044
00146
]
