Classes[
08668
04548
116505
21713
108553
123010
107314
117731
123809
62566
71525
52346
36498
49847
16017
23646
20914
77861
47506
14069
113659
112666
64581
85409
013088
18958
99321
97711
12007
88872
59919
95223
03193
50477
28796
35020
017680
11228
14927
33119
72206
10831
011959
017576
110144
43637
11333
014306
41275
28053
7845
119573
10995
96734
65093
75231
43262
0148
34431
08884
05263
1161
115063
06999
39957
66407
24061
012582
18123
70597
126197
92260
126250
45189
79433
124817
014402
108780
38169
49745
017158
06149
19629
122000
19684
68577
106654
94154
79588
42095
123427
80244
6886
107352
73681
108105
10722
80024
20310
117086
]
Roles[
00107
00108
00156
00100
00112
00175
00165
0038
00131
0024
]
