Classes[
56332
62105
4192
9344
43328
03608
92065
83932
68315
32121
11271
34095
68419
56625
116447
76074
20898
6554
34503
99758
05215
19994
16901
61423
2435
125653
115454
114582
22075
90344
87106
23825
014717
118529
25475
21232
11339
58594
32609
104266
04089
74514
96730
61575
80297
126021
75659
015145
09410
104215
14396
87452
111711
11146
100268
110007
106765
111482
010052
018441
04983
72750
78643
118237
39948
016940
94588
33369
55496
81050
116726
84729
106339
120391
82224
95420
108121
111117
13457
6661
64618
21691
105575
85339
90230
50804
124091
53453
45626
4394
67542
65575
72520
84309
101943
66329
014552
06532
57462
97119
]
Roles[
00112
00130
0044
00114
00171
00141
0034
00150
00155
0032
]
