Classes[
36133
35072
12666
011772
91130
72571
015007
80109
28732
014168
17931
63153
9551
36967
99753
017390
43508
19886
80302
21186
09535
011680
015349
09060
52092
92472
1313
124243
85579
53411
45799
92893
013231
1821
69016
89443
66504
66940
65037
77637
123970
51041
87409
33145
27706
120757
4218
56329
86087
7965
24830
9507
011544
72884
76961
8219
37863
117016
114480
36411
68715
24766
97869
89514
51861
97386
53020
83426
40291
66953
44007
38441
44628
78833
55190
63160
72698
089
73057
96493
03891
84202
43502
120828
49159
014790
34984
19408
108727
104289
014556
13267
52739
34385
112515
14008
124248
85415
104356
010972
]
Roles[
0044
0051
00122
0027
00132
0072
00179
00169
00108
00176
]
