Classes[
110914
121067
123497
53404
25590
02667
15119
71862
59726
59372
89569
100189
36112
88281
94896
017469
52975
22757
011334
52666
73589
22062
125681
0111
11057
7992
40455
0162
20502
05679
117696
2197
59951
0224
01602
75243
21290
90986
35058
19069
33313
011007
15212
117960
20786
51761
95760
117132
27486
20350
52316
09771
012168
09298
18577
90858
102798
107495
82515
116976
36817
60296
108284
90552
1035
24872
110101
19594
36748
51258
48156
14559
015070
51424
111704
75880
58964
59899
60363
93628
9716
83462
59772
75023
93395
41916
120666
85127
42006
015526
43247
101865
76091
45327
51087
75068
34585
52682
0197
65683
]
Roles[
00160
0026
00133
00132
0031
00101
0028
00135
00174
00116
]
