Classes[
58887
17144
114676
014867
108543
68664
88055
85921
80673
012663
95817
5231
01952
55455
016252
121214
03410
40217
012070
39654
104376
15054
7806
60407
014687
63426
43353
25107
101704
60158
03903
75698
64229
117862
7533
33116
117462
125930
99678
124337
102810
49921
108665
126307
7777
06765
15021
20394
015429
108431
0537
48001
012924
98264
82804
1240
110247
81583
85880
57528
29256
79194
38229
38980
38151
81776
010477
29967
24523
93961
73297
30129
108483
102865
07677
102732
51993
02280
8867
110200
24466
75157
27468
010486
71367
09224
89201
15346
105112
25815
6137
73508
1506
22564
81409
95704
123296
015904
38360
119152
]
Roles[
00133
00146
00153
00156
0024
00171
00102
00172
00103
00107
]
