Classes[
98934
115356
01997
18966
75842
38120
80000
35939
78005
122973
61141
21655
47707
71511
76803
37791
18466
28917
5206
04282
123290
75827
113766
48715
107397
73673
6673
68973
76355
107028
107151
7722
63281
84179
90845
02553
43901
33651
56719
28072
5956
4784
012494
2249
10966
90783
110429
57728
946
77189
65199
018808
101163
99200
37878
23742
101045
4726
103062
4846
50048
018007
120205
50470
122234
97820
40943
100000
7678
77890
03903
93703
1342
014144
116562
45702
97648
119418
62852
125451
94079
72076
119314
85242
44113
116220
015485
55025
014625
91637
014983
113163
75583
112639
118751
116748
103213
76522
93458
50739
]
Roles[
00115
00160
00174
0029
00101
0032
00145
0045
0044
00171
]
