Classes[
300361008
251856003
364889001
092895
3711000146108
90760005
111064005
0105593
392090004
0120874
405661003
0131432
3697003
197120000
360947004
018925
169946000
85289008
449277004
59012002
448889000
429168007
307851007
53885001
431424006
0158608
313963009
257562009
209160007
073986
126831006
07245
50919003
170178002
0134336
93005008
92684002
012867
099640
132228008
162845004
127052005
0167049
111165009
185600000
072815
231116009
0142739
713570009
027172
]
Roles[
118168003
370129005
118170007
419066007
42752001
246093002
370133003
424876005
405816004
246090004
]
