Classes[
084590
444077007
059435
307586000
096072
63090002
45911006
365621008
0174980
702199005
282975004
283632002
0125524
399074003
285758006
16226271000119107
3349008
12000001
241647000
058683
427400001
236935006
200920000
55101008
133971000119108
174969001
437914000
376144003
701946001
70025000
92447006
359962006
306894009
703771001
303565004
236116005
469156004
0109865
0162966
42192008
372533004
27478008
076075
255801008
041378
463094007
0109421
271071002
224824008
0136495
]
Roles[
419066007
408731000
424244007
260870009
116676008
47429007
370131001
246093002
263502005
363703001
]
