Classes[
042002
239978002
0100824
426572004
02130
0173677
0127619
042510
705588009
124690009
5282006
434191000
064183
0154450
099907
462797002
71863004
445916002
465017004
86041002
186203002
295203007
062844
699077003
73707004
0159423
078401
025909
0167396
332896007
709918001
307608006
361197009
281952008
082162
265356000
074884
404433008
304815009
40426003
094773
023665
191983006
035402
115385005
0130080
406482005
224055001
288569007
063014
]
Roles[
260870009
363698007
408732007
246454002
363702006
424876005
363710007
246090004
419066007
370135005
]
