Classes[
0127166
48829001
032289
367509004
147601000119101
0108973
385923003
198757001
304966003
427988000
705985004
050101
091130
0119046
63813000
427796004
095022
433898001
073225
367798000
430285001
0155502
419579006
039769
248698002
404597008
05979
0155936
077226
057945
450831003
467017000
0172069
09312
0145205
83734007
159162009
0153583
50745000
0105385
443212006
204644009
0141783
096309
035722
429815004
098487
246556002
212216008
439688002
]
Roles[
363714003
418775008
116686009
246090004
255234002
263502005
405815000
370130000
363704007
246093002
]
