Classes[
025001
162493000
020906
262463005
299734002
243493000
017915
41173008
0173032
295787005
41081007
310099002
429764003
182425007
054064
424933009
0125252
254501009
413041001
070585
049661
76771005
68515000
271813007
0161685
208369005
0164848
0125448
225671006
243741003
230401007
092906
067783
366127001
400543002
322577009
401058009
371716007
077533
272965007
12824005
041413
114398005
698092008
73676002
386547005
294590008
296999000
0143843
300914000
]
Roles[
363710007
116676008
370133003
363714003
246090004
408732007
260507000
363699004
42752001
363713009
]
