Classes[
0126042
084293
0169128
182024000
95424002
129493000
060993
56913005
298157007
65538003
228965001
438788002
0119106
42523002
015600
0144706
70719008
361650009
315565005
029748
39405009
1267006
41538003
428208009
0159827
326387006
215078003
132853004
198007
470519007
098929
077738
219199009
057888
173457007
0129061
7487003
273507000
119830005
0124715
165831001
059721
82459007
043569
288407009
304108004
187843009
110395001
0168923
445300006
]
Roles[
418775008
42752001
363698007
260686004
118170007
609096000
127489000
370133003
405815000
118169006
]
