Classes[
713991008
366212008
197364000
50214003
60351005
0139197
027163
059455
0162115
36735000
244132009
699097008
29563005
0131092
0138411
0851
230057008
442443007
104743008
217404006
17831001
0158148
329620003
017763
171638001
86453006
0113807
79777008
40647006
53640004
0160512
164088005
089895
54660001
0110281
0130238
417297006
322277008
257247008
90801000119103
373248002
264643007
0137541
423548003
208001004
48302003
63825002
15895007
039432
046145
]
Roles[
405813007
405815000
424244007
425391005
370132008
127489000
370133003
118168003
363589002
408729009
]
