Classes[
014220
113035006
457310009
264738005
271651005
188946004
245753001
0151946
391514003
3881000146105
67625003
028061
077764
287544005
126975006
423696009
89700002
22392009
269939008
313586007
369317003
0135162
179738009
061573
166056000
0152202
427270000
172268000
603416002
186051000
362207005
4755009
0164679
37208002
0100062
24152003
93134000
49646008
094747
0170607
037190
0120996
057344
227070007
0155124
293276001
700087007
121893007
463223003
469285000
]
Roles[
47429007
260870009
246093002
370130000
370135005
260686004
272741003
370133003
118168003
424876005
]
