Classes[
266888008
0106206
229673004
041184
15243009
698632006
09472
0136465
051183
121089000
256843009
366410003
390860003
236037000
013618
171661004
462920000
090531
305925007
183929004
0150354
209577003
283560008
0114863
169575000
093300
249653002
120954006
0122392
59543001
36338000
1280009
253917003
426180000
252032003
386426009
88622009
3427001
248280005
363864001
185549002
065502
164720008
174883003
018480
164941008
243310002
092473
402263001
114455007
]
Roles[
363709002
424244007
363700003
116686009
405814001
363702006
424226004
408730004
363703001
370131001
]
