Classes[
131044009
709887002
0117019
15915007
199245004
401000124105
0105680
75187009
061665
161876008
279624005
116076009
75413007
1306002
706067003
062869
015354
0157094
60683009
110192005
096468
459137006
175061006
212107004
7281000
052043
115481000
087337
0115968
0107142
49132009
132150004
470273002
0124885
0111997
258045008
093792
87964005
705687005
609210004
235163000
234566005
68418001
046077
81640001
88013009
208078006
406029007
022393
299357005
]
Roles[
405815000
424226004
424876005
408729009
260870009
363698007
405816004
370130000
363713009
260686004
]
