Classes[
212185009
80222004
714226005
297962005
0123691
0104691
05036
070568
062169
231027009
075067
60110001
035866
280622008
051832
301391005
052283
413781003
0133895
18768006
107008009
9456006
053499
0103160
409968004
669491000168108
33678008
418110001
19290004
69853009
700120009
273922002
415460002
09173
167842006
0124774
0110387
186506009
0106371
0124301
0121051
429016002
203575002
131190003
16132001
408267008
0104583
076686
01902
399313005
]
Roles[
255234002
363714003
363704007
419066007
118169006
118170007
246090004
260870009
424226004
263502005
]
