Classes[
77662002
166732005
0143404
052116
0109187
267348004
0150560
6144003
089490
040002
400101001
470427001
31996006
52082005
088687
0127363
0171353
0160204
25774008
095309
462495009
050256
053377
253182004
250366008
213165002
254276002
084072
283748005
0125672
283828005
9816001
0159126
56223007
193751002
448758009
442199000
262254005
22815002
044932
130316005
181018008
0169617
0167583
0108904
0124643
0142640
228859002
245581009
0167926
]
Roles[
405815000
363702006
424876005
418775008
42752001
260686004
246454002
370133003
246513007
363714003
]
