Classes[
396320002
247989001
083152
50948009
230844001
020316
0136941
0107282
5994005
094529
019278
134619001
0150023
7351006
39091000
366485000
0159564
036127
470297006
329630007
398798006
04049
376020002
07597
11892002
73346004
278921006
309703004
057318
098553
714005002
282904001
425249005
078149
61337004
33606006
0110453
427453005
233375002
0135531
0138181
084390
112963003
36530008
291360001
272241004
310888003
78914008
0117093
60944009
]
Roles[
363705008
363589002
370131001
118171006
118168003
408731000
42752001
118170007
363698007
116686009
]
