Classes[
016767
042272
0174697
708612007
84735002
3578005
398358007
123959000
447233003
74637008
62104005
0150389
306168003
29052002
0115687
050139
02460
332347007
0153921
282466006
52988006
0159126
0107281
114252007
0126888
417252002
72416006
11706004
131543006
9127001
09981
225347007
708837000
021490
041797
0130097
466481008
294519008
035605
0133393
399966002
06042
082472
12030009
350312004
227970005
443844003
066680
17575007
253717008
]
Roles[
260686004
408730004
370133003
424244007
410675002
424361007
425391005
363703001
408729009
609096000
]
