Classes[
6895004
702406000
185808009
302961007
444519007
294098008
403905005
237357004
18434001
391113002
713365003
0157096
706187000
409744002
235316007
465267004
447306004
53134007
0156720
468957003
294936007
224111005
238331004
187870002
24066005
396552003
47162009
93057008
098269
106230009
02213
112922009
010796
396720000
089367
251302002
170007006
43970002
462801001
35758009
062665
163238000
087874
397080003
0107141
264571006
091173
701958001
117434002
103149006
]
Roles[
370131001
405815000
118168003
408730004
246513007
363700003
260870009
370135005
118169006
127489000
]
