Classes[
0111670
227269003
418982001
0110143
074495
0113890
430406000
369639009
77896007
418343007
440366004
708377001
365583004
078704
2389009
152861000119104
49328009
70199000
127779003
259046004
0137117
82477002
8479002
19780006
083375
0115760
264771009
311726002
83152002
063773
368279004
0102962
249043002
0137152
041870
290368004
33936000
710518007
244268005
123607009
160700001
092918
085485
013682
88208003
0134171
238897006
95968007
394749006
236643004
]
Roles[
410675002
370133003
47429007
405814001
419066007
405815000
363698007
363700003
272741003
370129005
]
