Classes[
0114983
076144
011241
439398004
073894
372142002
462285004
095428
367810003
110528008
83181001
422022005
55829008
216801003
313527000
38915000
0164097
427275005
305083001
711636007
088421
087004
076936
446962004
050073
83733001
096044
260271001
054890
026131
091664
362688008
045706
040297
400239000
290183003
049324
0174667
098962
5471000
47173002
109562007
76520005
128920006
0126659
0129640
039763
044673
022905
6060001
]
Roles[
118169006
127489000
260870009
363589002
246513007
609096000
370129005
370135005
363700003
370130000
]
