Classes[
609211000
192054008
090440
31976003
55438003
304767003
704302001
28356000
046103
73457008
2338009
205059005
247374002
0149731
330589009
030947
11306881000119106
033475
439889008
713553001
372073000
699985009
432277002
24087000
023957
0107279
0107264
273158008
1841000175109
384945009
241974001
5201002
093472
206359006
52965005
196051003
254397003
020770
443970003
227358004
28744004
80639007
360895009
28971009
10677711000119101
0161663
78382006
048539
080699
76530001
]
Roles[
363700003
408732007
425391005
370133003
118170007
363589002
424244007
263502005
363701004
370129005
]
