Classes[
074875
117146005
042899
041428
297901000
041965
130761006
063783
282210009
432446001
128489003
298547003
40531004
081465
432917002
411976009
443571006
40301006
0107002
88426003
327020008
231268008
048704
088402
413226009
699726001
226696000
175398004
415890003
376531004
020975
112478002
388115002
69675009
401921007
0152563
022939
0138822
245519002
421435008
036785
313601007
0151903
196474009
0160988
279032003
416597004
82503004
405688008
19281006
]
Roles[
408729009
419066007
424244007
42752001
370131001
370130000
418775008
363713009
411116001
370132008
]
