Classes[
417351007
104326007
421527008
396956009
43135000
22795008
162147009
093726
71304002
031797
325950002
075953
063702
0118425
0124746
0161848
0104371
20216003
16329009
279995000
92315002
34543006
424632001
0126681
280694002
398286002
068428
0149001
232447007
096926
0103078
083354
188877001
052164
098813
464900000
116780006
0126195
255752003
0118391
349833003
0125446
307943005
202228008
279473009
433547001
421900003
313081009
257417008
705068003
]
Roles[
363709002
363699004
263502005
419066007
246093002
260686004
363713009
363703001
118171006
370129005
]
