Classes[
79060003
126729006
040545
0107752
385972005
235890007
024418
77233005
09691
0116561
0160614
706084009
1479009
180692004
0154581
26526002
66392007
409752004
066134
0104207
438133008
710099007
67069009
52797003
116274004
089308
012599
121262000
016053
0155643
054275
0134220
306171006
0102533
0157278
089473
0139954
063997
375298004
305783007
0126449
305296009
81093004
74956001
239851000
409575009
374874006
0114162
699241002
301172003
]
Roles[
370129005
410675002
370131001
246454002
424244007
260686004
116686009
424361007
118168003
408729009
]
