Classes[
025579
350593006
023797
057959
96255000
366731001
708210009
02054
212701009
169920004
0103775
365171007
0106340
374662005
707178003
30053009
259577009
232349006
0102051
0115605
419601003
0115129
555002
092266
37217002
072147
467834007
212092001
2873001
0162874
0136303
106405008
115154006
313962004
79791002
433670002
065639
276920000
419737003
38519002
406614006
299863007
407249004
243850005
0150698
112584002
122117006
252577008
078356
256499004
]
Roles[
47429007
424226004
408730004
363700003
260507000
363704007
263502005
127489000
370130000
260686004
]
