Classes[
704692001
169327006
0153220
60480000
392383000
0173392
264241002
09321
093663
0149076
038634
705368009
385482004
102748003
314127001
414804006
4642002
83629002
0118614
018379
0156409
33395005
305986006
131742003
095840
077198
714889005
0117929
0163015
363610001
66060003
246883008
1403006
85705003
1571000175103
271322002
21950009
108766001
0143199
129510001
80637009
273347006
78816006
085457
314511002
314424004
282693001
083592
0166747
132410008
]
Roles[
246454002
408730004
425391005
424226004
363589002
424876005
260686004
255234002
408731000
118171006
]
