Classes[
871005
395432007
102424008
359919005
80052003
042203
90132000
311421006
421615004
039182
0169810
414189000
427233009
91014009
305024009
09308
385887004
081184
052679
76512008
246695005
067660
698411008
065729
710750000
084877
46617000
445418005
237928008
087359
80835003
234662004
0107253
33811005
073263
447611008
294628001
418372008
420760000
243224001
0114565
0104479
385682008
0130434
0146024
175040004
0173435
244742004
11304004
78210007
]
Roles[
116686009
363704007
363703001
363705008
118168003
363709002
363710007
272741003
405814001
370130000
]
