Classes[
283274000
031066
0173692
156051000119109
34954006
0169899
05494
117334003
0171967
172981003
273145007
170752001
169460005
47436008
11048003
297194001
283529008
017526
0131236
188089003
305575003
47163004
467308005
324142004
0129530
033179
0107915
4193005
041198
0156942
65024002
0134814
04565
426983002
0164126
234430007
367391008
249320000
703313007
247534007
256934001
255793006
0103137
415024001
0127445
418183005
312103004
0143749
106684003
73579000
]
Roles[
425391005
418775008
363709002
424244007
363714003
370133003
116686009
408732007
424226004
405815000
]
