Classes[
09392
701859008
037240
242459009
405615003
0132317
0143523
69290001
61376003
235627001
18743009
042638
418600009
119254005
23423003
033307
0119174
0146869
47225003
90665009
259943009
110695006
412487008
42365007
01099
0128482
279206004
197085005
415878000
015686
19953008
406950001
332462008
290560005
037511
702639009
361587007
0156193
397091005
366683001
45048000
445203006
369620004
84325005
060600
426091009
709418005
116251003
0166575
713800003
]
Roles[
411116001
408729009
370133003
370135005
609096000
363703001
418775008
408732007
370130000
363698007
]
