Classes[
467701002
293132004
84703002
216605005
34015007
024251
116029000
1581000119101
273571000
093701
241252000
298372004
314433002
028331
015888
0692
37979004
346458003
0139002
063649
56041007
65068000
364466000
375766006
359696001
0143534
65208005
016044
365054009
17443007
713134004
279378004
93184007
417047001
426436008
374488001
0104742
034921
425933003
128247009
231858009
86272009
082833
78941003
448082008
364492007
272270008
0174474
9612002
0620
]
Roles[
246093002
116686009
424226004
370131001
424361007
118171006
363710007
363703001
118170007
418775008
]
