Classes[
0139940
429457004
160891002
298659006
0155773
95501007
45332005
369686008
0117957
90131007
261381005
041081
162503007
608851004
01957
0146723
290200007
078277
016953
244190004
54643006
418985004
703791008
0115237
312215006
431843004
107174005
249424008
703868004
50168002
407403006
416493002
291199003
04784
096249
8566008
045430
225460000
41385008
313209004
433413001
046595
396457007
231296002
0134134
0165251
293389009
0160811
33050008
093687
]
Roles[
363710007
246090004
405816004
424361007
118171006
424244007
272741003
42752001
405813007
408732007
]
