Classes[
016886
17064
08898
90696
48163
27434
21797
106494
12960
60174
52278
40430
0843
37009
78203
119517
12090
121962
51120
119075
125817
45120
102434
82722
111329
2652
74362
09937
27899
018073
91770
27244
121570
100720
28570
01251
30153
7159
09574
82647
58499
12848
119107
5317
100934
34073
02040
121208
92206
107470
5011
57101
58772
07429
23614
14000
15363
81943
123360
36967
30040
14296
24260
65205
013208
23351
71675
14501
120079
15666
37201
45553
118021
8192
098
8177
34526
61958
06284
014507
0118
80234
59148
016115
106889
57662
16898
51489
5753
93858
101594
17169
72633
010087
80051
100177
10939
93260
14556
79128
]
Roles[
0081
00130
0035
0039
00132
00107
00173
00150
0089
00140
]
