Classes[
09969
38185
123581
96889
93725
95672
61251
73442
05023
121570
33955
45978
16876
15744
014309
20911
49927
40720
73978
28381
010798
33926
92863
125343
2716
70818
26607
102814
111922
75048
48477
95605
015961
02129
106661
015288
82757
38274
45705
55748
013794
019017
61308
42887
86915
59168
07275
40502
44709
88061
115133
014487
74211
16918
4743
59890
60508
87788
21219
018061
24606
64535
23352
015818
122517
93115
85398
22604
5357
13229
99586
119625
65747
011323
6409
84499
45102
59545
85416
100627
61411
015305
95747
48245
18536
95263
018008
74278
7799
39774
29135
9456
88718
125205
013136
63556
92642
018351
7009
5323
]
Roles[
00124
0035
00156
0066
0046
0027
0088
0052
00122
00153
]
