Classes[
34515
116101
26503
018916
92414
72904
3446
116354
72676
78629
15804
5974
64105
32613
59777
74858
015288
05507
58632
016806
13922
45299
9464
74190
016673
42252
114745
11547
52030
35732
81237
66543
4282
120423
09592
107005
97526
09463
75276
124418
013083
96357
79951
118427
34921
55256
09123
124236
74345
73858
85915
115807
010554
83124
90070
45001
64585
36962
81189
012880
87459
81893
68309
03020
19835
43576
42972
12470
124892
011388
64126
22923
017120
40955
103394
05594
92477
75362
77403
019
97379
44300
83208
14584
34689
99550
74656
115136
42726
107513
102911
013369
51221
95002
93182
113667
44880
71742
15265
11730
]
Roles[
00102
00166
0082
0027
0039
00137
0081
00168
00175
0088
]
