Classes[
73321
20264
38816
99014
18377
35362
55496
105523
114151
117270
94329
21158
28066
95806
96293
41378
104881
126221
97899
106136
79849
07450
126219
95042
5549
65661
37478
34328
111353
110713
37025
124324
32199
82093
016633
107041
13633
119915
16201
46005
108743
50946
27055
18372
62525
24860
93258
50277
117703
14793
25477
57503
5009
93196
115877
121661
61539
110135
102463
120325
81054
119422
015110
32914
51010
88055
119704
65453
107471
014205
122128
45055
19008
49853
44580
116843
96956
65802
112889
37033
13271
08470
103511
105215
016200
13934
013620
3177
126077
77639
5770
016243
116857
121194
33041
102075
119800
56995
102983
76455
]
Roles[
00150
0023
00135
00123
00140
0082
0027
00155
00103
00173
]
