Classes[
107872
94040
56455
015225
24436
34228
105383
88003
64502
48673
85925
79437
4668
59688
28629
9105
03959
19011
73323
121069
123808
4308
103828
41010
120235
62073
09826
15756
12817
108100
40543
55553
7980
21129
117290
45288
14236
26538
43316
1329
48153
35340
80064
126325
106220
9369
125989
57805
106559
11117
116031
100851
15690
79483
38167
32519
110455
01426
36586
17189
53194
16737
115459
05847
87205
33666
15333
60302
114637
81641
59853
105226
09558
76654
38896
36514
40151
015998
33858
09155
13690
19649
103204
73412
02781
114322
66196
41877
124509
88901
01008
105283
118742
99374
121645
014866
12263
66500
25331
07220
]
Roles[
00105
00124
00177
00116
0023
0039
00104
0046
00112
00171
]
