Classes[
113001
65535
108811
48416
68970
011416
13742
36910
118689
615
96204
33158
50623
4012
63986
98265
123888
103961
10070
17560
018915
79672
60571
54371
05936
117639
43875
111294
21651
26799
018500
40503
39014
20629
09171
59641
92058
47459
89232
79175
94891
122039
94556
75537
77701
14350
43425
50232
04293
0777
1932
114863
11233
01676
010876
51759
014527
95730
66939
122234
66387
76264
111779
02866
114408
03096
50988
19510
40729
88252
43509
91288
22977
06949
94363
05266
35577
33102
21452
014007
11038
112970
32544
019030
1128
50460
119677
013385
017459
16698
18562
07037
60861
81240
32975
83787
73260
9628
65255
116605
]
Roles[
00125
0030
00167
0088
0048
00176
00106
00123
00146
00160
]
