Classes[
123214
01727
408
85794
36656
77348
39677
113766
64109
38757
121099
05242
122693
38732
113235
27014
103338
79365
010103
36804
102301
24707
83874
75814
13394
18091
014962
57414
68534
36451
107904
118569
36593
01194
08828
84849
98986
106755
101172
123038
5062
74501
06036
35611
89458
3899
5853
66819
25284
46060
013067
99384
45612
81452
84504
39729
41124
112963
4682
58686
01552
116789
015105
02083
60489
9596
25026
68767
115242
22957
9212
75877
37159
43792
108553
44895
122899
88319
95648
05912
34904
018005
66142
39393
19985
105777
119295
15079
15782
880
2834
104314
87914
114737
58157
016444
100154
0499
06295
10082
]
Roles[
00122
00108
00179
00163
0089
00174
00165
00172
00169
0025
]
