Classes[
34244
7269
33753
02967
67395
40450
103828
93687
119395
010598
51268
18275
125843
01739
111160
4196
018287
85487
52140
011519
224
108975
49873
55405
22573
81185
85447
113648
45960
72943
5349
54409
4094
40560
04402
111913
23168
014309
86870
50663
010450
80215
04259
28287
36946
27013
102448
014196
9546
34050
554
0615
0437
38093
011933
103390
65670
19135
66316
012217
112341
110975
019135
50064
3815
37049
41115
121254
77108
52939
018495
73104
43298
24741
05964
07074
119924
14661
125627
96917
36602
61897
49879
49383
52755
59552
28637
49547
125302
09129
114564
01346
35859
08981
90543
107532
108948
019210
20498
5174
]
Roles[
00172
00126
0082
00150
00112
0041
0046
0025
00101
0038
]
