Classes[
10803
0242
20706
83613
120779
40265
6527
06150
05263
4700
13351
14776
082
7015
27050
67261
95738
86230
24444
125499
61707
50320
121888
29882
3457
94337
52581
85717
04032
07732
56811
99640
70723
91570
88758
115585
112650
42613
60904
97149
7978
105898
101535
78633
13637
115392
43514
17009
108212
35935
51816
49327
015445
96875
88952
66786
18323
58245
95412
29730
43303
67518
015828
42961
52961
56701
19481
03150
99553
74813
33517
38351
59557
76203
27099
63638
66256
61095
118564
01059
85121
90873
92575
15803
87031
52761
59991
104564
27218
010156
08593
14915
010556
27281
80687
119988
23494
06055
102311
16895
]
Roles[
0044
00141
00110
00135
00106
0025
0036
0037
00116
00178
]
