Classes[
014517
016389
93776
92081
27447
21426
124119
34879
86492
017463
110206
07870
85903
93586
27190
14978
52437
106507
115735
116280
13985
83157
41889
23558
19063
53608
08553
86454
125253
102483
66683
91151
116125
29513
27149
98277
06050
74656
79301
7473
63661
91677
35662
91012
89685
19209
86471
118347
24892
76613
82855
40643
36631
120394
32986
18956
117169
17012
125064
17004
103342
27500
5242
59077
018421
102948
117146
67049
72184
23381
118501
81042
90974
45998
018013
015228
018298
42335
125670
70849
68427
050
121520
78644
65105
120014
74293
013184
115191
64405
49422
76642
30086
55720
25251
107934
87960
74170
54046
9904
]
Roles[
0028
00155
00167
00140
0023
0024
00125
0049
00113
00106
]
