Classes[
54691
018768
20520
20365
014068
57770
108682
117915
74528
60539
74749
08333
15786
94766
010462
04571
78431
07131
94670
109146
63839
45067
103402
94375
012082
58925
88492
03265
41635
47984
11771
014276
66565
107010
36473
34315
10748
42535
84446
78143
61148
118658
26411
010541
100595
51591
104267
24093
108652
014166
39720
012873
010683
50941
32597
27253
98762
42225
08100
9619
64201
28018
08577
119581
92434
90921
41338
33768
53175
28513
97677
107929
20800
110417
93875
109802
23853
26049
88488
124914
6282
70636
12407
88050
13740
118756
29770
84899
05306
80555
48501
33329
7339
47635
116483
117045
107374
8287
04566
27421
]
Roles[
0088
00176
00133
00105
0034
0046
00116
0031
00137
00130
]
