Classes[
12521
015490
018058
111352
8075
5742
28696
99670
012607
95656
122860
77765
105437
28433
66747
09274
19475
55122
018477
015316
123103
02279
49790
117883
9732
04472
86566
41742
91142
97854
76780
55994
34473
0380
96707
109751
19941
102108
68343
99359
017080
60135
116445
94043
126073
8050
55178
112743
018410
51910
95173
89394
115625
10907
011074
011703
98975
35319
105483
71917
113965
013470
16115
64353
3769
76967
53045
54372
52164
72640
43438
62198
8728
33507
117103
113758
118354
010644
66943
113784
80812
105534
107389
95400
07117
45042
102809
017384
107896
12087
64258
04034
62087
014415
41567
018158
12953
107401
04942
018701
]
Roles[
00166
00165
00174
00170
00155
00124
0025
0051
00139
00158
]
