Classes[
63781
110485
18712
82344
015799
54017
010868
89149
37773
014697
53395
89181
21181
62258
36832
47969
07883
9279
118869
86020
102063
106335
105308
15013
53935
117938
72387
37353
59588
38606
49274
56048
27590
60315
61614
77587
19254
22675
75441
86197
83599
23018
113190
73025
012355
24496
48386
63545
120347
101534
85589
14237
124448
42182
71146
59677
70567
95996
122804
76465
02436
013948
32681
88403
66994
93253
16939
017851
62339
32847
115662
07
88743
62381
014972
123879
20806
016672
82863
93238
86540
82143
20017
115007
112606
12298
117046
5914
56823
93841
66338
121168
011586
78114
90601
17717
23614
07772
60438
9780
]
Roles[
0026
00160
00145
00179
00163
0024
00173
00123
00132
0039
]
