Classes[
15478
7362
114965
05583
03992
43816
015534
10173
16441
25279
17286
22728
100147
114157
03157
97750
08750
77976
119632
27085
47398
21016
09647
88836
57567
110945
03901
123726
83167
89585
104990
64463
75589
121919
124657
33515
38751
61783
65173
95167
90306
111751
124981
50282
09511
94428
125905
074
06729
27679
114376
76578
96523
34455
112792
93925
39158
37786
36245
108828
82532
116194
92134
02879
120606
49268
109560
108152
25708
010955
24509
2595
05742
01398
05285
117789
58166
011462
29597
76728
017186
02254
94409
14770
82834
125820
25551
111210
82051
47834
124171
72172
70854
018544
86838
53081
63168
06543
58508
103619
]
Roles[
0047
00177
00160
0036
00139
00116
0026
00176
00105
00102
]
