Classes[
21950
107421
54705
86310
014717
39332
99756
101753
110034
112243
2343
4217
0235
108485
012947
121760
24127
91456
62384
99800
41358
98826
93731
27164
51180
42977
80846
63879
9431
013980
117978
80971
04822
71761
121378
93558
15814
92430
32137
21383
58680
016190
115571
118341
58931
38826
94248
67021
372
48564
44431
105956
60615
90898
88054
23822
111765
81965
28934
21825
21230
118997
59127
37621
35422
64600
97449
017453
59262
39050
103329
105634
116044
23220
112002
79665
100301
0793
81269
97757
35475
08062
14758
013767
89627
017316
74376
92435
39832
103411
107388
42505
509
13407
100931
017417
23392
109238
20389
84028
]
Roles[
0024
0040
00113
00133
00125
00103
0053
00150
0045
0049
]
