Classes[
120821
97062
40124
50715
41920
74162
84483
100617
6795
012959
78073
86579
34395
91695
77964
6414
71560
108719
78797
9409
97589
1342
116596
25502
36464
3677
67101
28149
05068
32878
6160
01554
114351
118492
012670
21539
85900
123225
011228
66595
52237
101569
108461
83660
113681
018925
86491
34106
0292
17698
107174
13915
012043
87255
76060
21079
104256
24205
03734
64525
59595
23235
63382
07890
66073
3782
116271
09817
06445
4379
98020
015325
015169
7739
68563
77509
04475
21942
84840
55414
65795
90946
07227
56407
3889
95535
011730
51705
52025
23352
101192
112846
88709
24779
90578
96388
23753
07938
88238
104677
]
Roles[
00175
00137
00126
0052
00106
00114
0050
0031
00158
0044
]
