Classes[
13734
62222
38323
013769
018860
010661
56256
05265
12659
07721
018114
91186
44456
114339
1135
107593
42336
51141
8042
03422
124515
2808
011669
104138
107026
35650
11684
012082
64942
58066
86567
106413
114943
126316
77138
87528
7290
80254
111128
40170
114066
37836
54132
68596
63423
70765
08067
20895
03495
103828
56489
39999
110744
30016
126073
112583
66856
88473
76183
51944
114907
77149
51754
77478
51095
7902
14241
15956
72017
65147
22064
013545
43872
011826
84769
04639
8037
112624
0288
2228
94800
22295
43506
91057
017614
63673
49053
111593
84654
11210
33267
56247
42212
04364
88323
91341
016694
55029
7473
73986
]
Roles[
0036
00126
0044
00140
0054
00135
0038
0030
00141
00175
]
