Classes[
85579
52771
54276
96553
7251
116444
122087
04451
9834
51517
107188
94557
50633
28872
115795
102429
111534
2793
73039
72682
015221
115434
101991
116635
121692
111697
101066
96942
49507
99725
61163
3080
9407
75280
124229
113900
61211
75647
29829
19669
124182
9584
90389
17271
09648
22936
08289
57210
36434
21549
55276
39409
48895
59196
4436
09393
121715
77210
75447
74312
107390
63552
11515
013226
61991
260
53145
114196
3586
56773
59290
2023
99891
51018
6174
11764
73862
114633
02994
89470
14258
04505
03748
26237
6627
65603
83558
86501
03127
66372
23754
5311
19597
4064
07014
013150
06081
78435
48542
107157
]
Roles[
00158
0040
00101
0044
0049
00115
0041
0039
0053
00173
]
