Classes[
106884
124610
015013
78744
119438
08583
91137
8113
113542
01290
105280
014276
11674
114051
013164
95568
24252
122765
96343
57256
84138
60788
15126
42322
41469
80420
106489
112369
02933
23081
0583
03133
81456
97210
1816
45064
018121
114380
105258
13642
120140
57666
60173
93831
29253
108475
9422
87004
106008
04904
21432
45310
104445
015469
014861
42789
22912
80493
015174
20840
017722
55023
70565
5861
08107
51552
62286
109696
37638
9568
23162
42095
9792
32286
74839
57867
118236
45186
016019
91368
19894
671
73213
120548
29820
83373
93448
91225
20422
08423
015364
112355
017322
60068
015002
10322
011730
95693
54557
54209
]
Roles[
00102
0048
00113
00126
0066
0072
00173
0030
0037
0049
]
