Classes[
44024
59786
93205
96817
51779
4175
0509
8514
83878
15452
112534
20736
08895
55567
21100
013350
65723
13680
73480
59900
06285
99440
014279
111424
114363
05294
6221
03751
1838
74287
14834
06292
19099
102383
69067
54221
012327
108447
51632
53319
74634
6749
2643
77256
13135
12182
01655
74676
71265
23671
50710
99423
012268
41716
011187
96251
34989
06984
015127
33406
37823
102434
57390
18417
01469
74759
3580
016913
018606
90693
13337
112665
116892
46080
4288
1538
47830
34121
63034
42407
52590
109842
16499
119760
14900
29398
27548
11970
69141
67003
4868
35236
107685
47922
8614
09555
76048
49685
15530
85564
]
Roles[
00145
0026
0047
0032
0051
00171
00153
00168
0041
00104
]
