Classes[
113291
39199
114133
77256
33329
57776
113059
4849
60255
52627
86492
84462
59393
98741
29361
110203
38584
37648
1011
39447
19425
122118
65793
101320
50346
97200
71005
011206
59435
21841
41338
32803
124708
110947
121714
56035
124589
35636
96514
7364
02788
2220
125265
02919
17398
77975
1892
118728
58845
9334
61704
012786
7959
24258
120891
13365
9177
105363
018507
280
37710
12716
96570
78014
013096
97313
44108
20898
79748
84382
35671
26707
86525
62265
18981
77049
33922
85440
43750
03621
84251
10762
13453
100252
77925
106940
08720
44530
92623
11107
010869
51579
86361
94944
66049
65275
018097
59494
0184
74534
]
Roles[
00166
0036
0049
00130
0039
00146
00107
00155
0046
00165
]
