Classes[
61031
13641
1602
42973
61803
10532
8402
01473
45967
06755
09952
125188
51285
16745
81392
02482
64852
116662
106780
6697
48623
99637
06722
12814
4757
38984
72262
63321
109558
122424
113200
36912
0401
3692
71663
29077
37599
17410
013441
33188
110135
69039
015118
19365
118034
4917
107923
60230
90153
92456
13126
18670
1057
55356
90999
49091
49730
105689
06526
0391
09897
92635
60779
125854
019010
45925
26457
22208
05708
01968
45368
65583
59287
81903
25936
22839
79142
80366
018171
123915
107160
011541
27155
124387
1900
32513
94455
7911
98758
35408
79608
85754
012535
95441
55462
52474
010704
70674
114049
75242
]
Roles[
00110
00177
00103
00132
0042
00175
00176
00168
00106
0047
]
