Classes[
38960
51612
111939
71982
015865
60117
14412
66043
97343
14367
91885
54823
110153
91941
51485
018588
28033
24211
74998
90700
010044
110547
76665
89849
09795
7292
45508
011278
24485
57738
113255
124169
13232
126310
49963
92375
65506
16049
112000
69116
2775
01291
123484
120067
10501
26235
6304
99760
51508
015274
17851
74087
08635
29933
50112
115691
014470
107139
117272
4905
79963
19402
81805
92810
98532
51665
13216
8810
39896
77436
85929
120215
23407
07312
12428
52551
40828
010635
60310
61303
72547
52257
01232
11177
6389
110027
55414
67455
21965
05762
27054
59323
113162
70919
012830
20113
111945
04435
115401
02310
]
Roles[
0025
00168
00155
0023
00112
00106
0031
0054
00165
0052
]
