Classes[
18813
015321
015608
9872
77370
65306
100188
115625
59391
82465
06323
64169
28566
95603
109259
53835
02600
04040
64852
44314
50519
05151
121373
67376
32502
58158
108343
39208
0727
0909
25425
05571
60068
08324
61251
98716
85035
48929
012151
5009
016296
22959
53446
109951
05209
41588
55152
13064
39157
74316
23129
36342
53294
05929
37179
118064
118759
7951
72797
1986
54734
75388
83325
51380
101737
28484
48445
79629
113057
58910
122108
97375
18384
88570
45573
75559
64190
33141
16264
71521
39312
50373
9098
87157
70985
41226
014034
91447
58689
62383
22899
1167
53031
91721
77354
014675
39381
59921
77840
107860
]
Roles[
00177
00150
0066
00163
0039
00135
00176
00104
00174
0048
]
