Classes[
81444
011409
58007
012535
5956
106776
7213
97523
97948
48431
92023
89961
9124
60440
1468
5795
010551
12905
23279
65056
20125
014427
06051
38528
107423
108370
5949
5662
98830
94057
23565
1694
017683
101841
11083
73145
101693
36589
85273
79827
013334
116328
82787
19896
17128
10345
018397
51707
12413
63137
98721
55176
94700
57833
35495
32404
117877
91813
011285
81124
04028
22093
05632
71638
96899
13041
47825
010972
110696
110239
94218
68701
113777
07360
112814
110697
15490
64162
55777
99872
62203
117722
26192
64291
63224
017303
23373
116736
110984
26427
117646
112349
25139
13200
18423
78547
111212
5040
21267
118787
]
Roles[
0048
0029
0054
00158
0034
00114
00163
00138
0024
00177
]
