Classes[
113135
72920
44949
36740
102408
9321
72180
49859
94751
124509
112422
2379
6677
53137
77832
10787
51330
20572
36676
42108
43584
41175
86457
125754
49009
119483
66913
102045
36548
49748
116280
113082
2171
110575
94645
39964
25662
48425
07353
13287
40074
23579
93547
77601
64266
5446
18466
20712
013331
91465
17901
15681
07045
62934
94489
06018
113609
04221
36567
27932
89856
015412
25649
111569
74076
02190
47695
013368
03578
118338
16291
013620
75335
48050
27134
12942
02327
010548
107542
93794
2492
84333
120142
2802
96454
341
2642
122750
104678
71575
38825
06209
9753
4462
10522
113158
74427
91136
118802
52034
]
Roles[
0054
00169
00107
0025
00101
00159
00155
00116
00123
0024
]
