Classes[
21368
64218
103886
770
52474
14529
64437
105289
71932
114252
34594
85899
113210
41028
36184
66318
109744
56914
08243
122396
77672
80414
016557
98794
13898
018653
50406
56071
87415
117898
07806
07424
015837
14957
56733
83000
64627
106004
110266
59530
1551
119232
45601
21125
1434
20314
106021
106197
96523
19861
14659
36808
49460
60886
106369
123520
05285
54302
60725
55478
3087
107482
86010
111967
123197
88901
97849
111326
015357
63868
79417
38436
37932
02351
80082
19715
57277
113762
967
18921
6755
96392
11953
29989
39224
100948
106483
15216
101689
90101
50964
81918
08233
86538
08316
52592
92549
61643
44263
43221
]
Roles[
0029
00172
00137
00130
0044
00107
00108
0066
00100
00102
]
