Classes[
114537
53273
23584
55769
010621
71130
32369
68564
04055
5568
018870
109483
4983
108255
101682
05801
63536
26416
59487
1625
87408
81832
112531
100903
32981
017435
101431
68675
118087
87111
108221
25668
43281
126309
114813
32280
47744
73719
01538
21680
43824
85691
01417
35780
14704
96026
06940
011084
8673
02880
09980
017358
75912
01237
200
01971
29315
05092
38631
109797
016182
105653
37422
03397
8942
42900
91291
116166
14000
77336
9674
7634
09500
62429
39413
93888
11095
27006
76706
015332
39690
71205
83970
79382
42375
57712
108649
23345
124548
37773
39388
90007
34528
63463
22430
74772
98654
33535
45523
018981
]
Roles[
0032
00101
00174
00168
00100
00175
00172
0082
00177
00163
]
