Classes[
112095
28237
90285
02485
106205
107973
22387
105993
38613
105069
103249
92907
38172
29684
101488
98002
100075
120802
92450
106010
04501
97603
100385
59431
016488
96998
97321
123310
113103
75807
1345
103865
99961
105062
01629
88218
83511
82146
3583
05636
66711
45699
32544
101757
115573
14127
014653
106728
98950
08272
97786
28888
96076
107228
124150
93562
44463
27313
15312
45190
114448
24405
57444
013938
44301
24147
82085
58447
119997
012588
78714
34546
51031
37705
26607
44662
108120
114387
26552
94005
44985
3415
15112
113539
36127
03892
12586
36914
78217
85151
016042
67028
40402
10512
85182
78010
14258
39957
22772
62382
]
Roles[
0032
00142
00176
0048
0045
0036
0049
00167
00130
0044
]
