Classes[
015392
04263
115766
01108
119687
121858
70699
75822
67268
117658
108062
017068
100101
25336
20142
114401
8961
95418
77135
08655
62394
76185
63853
104462
103852
43672
8576
61280
02254
03430
015119
019166
113844
41175
84047
33692
68338
118449
102269
20550
24336
6486
6372
18997
100343
52686
126271
018402
50852
64779
1423
24204
101406
62089
123015
90662
29269
100215
123189
104378
12918
06397
54747
15363
72676
06235
83689
98318
126104
114171
83001
22375
08014
30109
010664
88782
55899
42691
93342
68560
99944
37868
110534
70797
41490
98279
72711
64281
39793
28510
8605
016209
29410
119548
21735
80932
61843
108554
44471
4199
]
Roles[
0040
0053
00105
00132
00146
0029
00174
00122
00131
00106
]
