Classes[
15697
84692
17031
78807
58149
58623
22159
017512
72080
012129
111367
014009
3120
109940
48054
50154
125845
123305
75021
66057
04804
65371
018020
78739
22743
1673
123546
82959
77858
14411
60778
97929
86884
72532
7939
45416
07135
62419
27664
121677
65561
11966
58238
82699
86146
90727
126100
116131
76473
88445
102138
125348
014132
9305
8990
98759
104141
88219
86135
118296
92245
68507
15706
53221
121780
10348
122127
61156
44252
18202
02660
47863
111232
09548
2260
108558
45502
120665
113146
119979
14387
33811
118144
119073
65243
84777
90621
05061
118168
21019
122314
126056
45690
104018
018586
118936
017121
013661
78587
66129
]
Roles[
00171
00138
0036
0089
00175
0049
0034
00174
00101
00155
]
