Classes[
87493
42010
02605
123033
91214
84990
94458
124818
70460
37837
100381
61570
123499
39571
117871
50060
76237
013038
948
010099
66232
16157
71516
97603
54365
83075
116521
98454
38150
26289
44777
07092
108692
111122
49562
95348
76437
27598
74336
59715
63577
09404
11289
63833
09347
97747
85458
5275
87032
103287
07748
44216
67383
25637
47643
88795
66260
94514
80291
34287
82362
79271
101163
14750
76649
41759
49382
20215
017771
7062
27401
18530
59150
33204
96380
119957
114182
49218
44383
15104
88473
110317
56962
100793
56987
75765
018389
89514
088
3896
8890
115624
7260
16035
1612
33589
80996
35277
32671
102496
]
Roles[
00113
00155
0041
00103
00102
00146
00150
00178
00177
0089
]
