Classes[
53199
017820
97661
125911
17885
05775
012179
13889
92540
22458
110086
01383
98986
25234
71120
90117
49374
82543
67014
016615
1725
102950
44453
73907
017355
47449
49617
010195
88437
37523
52215
36478
61195
102884
106866
40340
41853
88244
71590
123390
011718
08283
40676
62450
61550
4780
75291
28140
109710
22294
100314
115528
100750
36862
120107
015422
52820
79969
35383
103298
11977
80521
43601
119312
21703
119124
119774
112043
19586
61194
11923
111446
017081
08094
97373
32989
02335
6809
99555
20982
122240
53536
104009
66335
60136
25696
106800
116694
29950
84620
103438
41107
19732
60674
113773
45889
5364
05815
03405
98313
]
Roles[
00107
0050
0023
00167
0044
00124
00105
0024
00116
0046
]
