Classes[
51648
1785
119347
82287
16682
012664
24619
39407
26565
45681
010374
0276
35836
26456
58700
40225
03262
75294
75542
017510
99798
103739
20028
16563
010707
13820
39807
81035
98226
102672
90749
126005
41495
11030
34541
015917
15739
65361
114994
97756
107967
17806
55131
57558
38240
101996
18546
24715
017703
9673
120109
17663
97554
284
13645
75525
94425
79255
79201
72795
9249
88678
24994
53422
54833
94702
98059
58157
59409
17319
91396
104383
38954
47751
10314
113169
55010
122497
106972
014577
111543
93928
19087
21685
50675
49333
86184
69312
21782
37512
06263
59722
112539
75587
117916
32211
76702
61880
74780
04129
]
Roles[
00173
0029
0044
00138
0052
0030
00155
0048
0066
0032
]
