Classes[
9738
03325
12665
10375
25703
26846
02012
2677
69030
91060
018197
29702
125489
110120
10397
010201
35396
91336
99780
0546
117498
011905
94230
013001
102626
29500
017614
19672
88510
45833
102846
66423
86835
57888
111420
101759
04614
54619
62863
63024
70946
99539
72111
05103
83323
121289
112637
66269
64000
24494
016639
120388
117650
95456
90582
107122
33923
111917
124693
08350
123630
29762
62383
36691
103686
125737
91003
123288
18939
77891
07029
18878
28910
41460
72080
87120
87308
017838
81295
72652
6049
76271
90402
41232
49090
0589
10513
05762
64118
84098
5209
09209
56410
57341
103001
91821
51602
114677
10192
18753
]
Roles[
00178
0039
00179
0054
0029
00115
00108
00113
00168
00112
]
