Classes[
116166
0147
53672
19697
3603
111145
95772
100571
08704
18641
45450
29253
123212
104175
43005
06736
44002
29154
91361
43879
012757
98677
6419
107056
86976
98419
014372
54304
117776
15806
108267
64179
45158
71747
60941
2887
35079
83058
67312
82608
37850
58968
107008
113819
120602
56156
61291
97442
85781
80850
017580
32626
36411
640
101230
53041
116779
102345
013587
105733
32320
97754
74847
41825
56152
114623
54172
88870
48027
010929
85554
114976
95801
61802
84134
125154
124052
98298
17888
91401
82997
32323
61982
122026
61427
112573
55823
41261
101712
34034
09667
54293
03274
49401
992
51195
89159
119938
123874
49186
]
Roles[
00131
00176
0041
0050
00133
0026
00107
0028
0029
00125
]
