Classes[
18769
04324
38925
08501
14099
99183
32477
100297
83474
98232
9421
58672
80636
06984
4191
55137
55585
50428
87730
91975
23303
54305
03490
015317
08190
80037
104991
8945
13551
85010
15130
79245
119287
15567
84757
95911
58062
24897
73775
101637
018661
52492
018098
44743
45188
62057
019122
74693
82680
23973
49115
33219
60518
103565
15619
74295
011811
02459
32974
10039
53870
16984
13344
16312
102462
104408
010819
39578
11537
13319
119308
112138
50500
121303
14891
010944
123673
115912
06722
106821
38318
60033
64880
72731
118044
09061
110828
19500
07790
221
98481
58857
99550
106263
0832
101909
126116
013408
28973
23182
]
Roles[
00174
00112
0031
0054
00101
00106
0081
0034
00132
00145
]
