Classes[
121443
107395
53328
86482
27077
104009
93586
13355
123119
122055
79974
41392
60573
110160
42985
018041
24022
47797
14534
114406
24046
02705
100493
114795
10029
6667
77870
03197
104274
79378
43408
93175
117618
67348
04001
40517
71746
79237
3611
011241
74676
58241
014521
3684
22885
1820
104520
018179
47917
86642
77101
11653
06139
72302
117432
17483
85780
125064
103203
101857
97448
08914
78620
03991
03480
5147
62857
016601
117191
013252
07096
10729
22760
26196
55371
36751
29177
119405
80044
05396
83540
91408
85228
09963
34244
77931
98894
4853
44136
71701
29522
04243
015087
12617
79753
85351
113711
017346
3014
122986
]
Roles[
00113
00156
00178
00153
00166
00165
0081
00142
00103
0089
]
