Classes[
107546
6983
66223
13974
94569
013165
62624
19062
24583
39461
36415
13744
55331
01609
78605
81472
06394
116658
109586
37444
79411
121605
19501
121996
02865
3194
28276
66228
18064
32973
97877
36839
65285
110303
90685
23521
7560
83174
10481
76520
22867
83095
10811
44488
13413
94613
28936
58398
63786
83537
108258
32849
28805
75913
013717
09595
02657
83775
57296
50289
03480
05504
4742
03713
02331
72047
105768
018789
07174
102381
29207
111252
77955
14257
33587
50929
62379
17657
90466
44352
61804
0704
17686
48316
15578
012210
13206
19423
57560
76068
010194
03714
79377
40689
87971
72327
014957
83921
109220
73187
]
Roles[
0066
00167
0040
00142
00113
0030
00141
0041
0044
00174
]
