Classes[
14909
24922
0632
23344
23351
54554
17221
51301
85450
119849
28086
57960
82065
38285
02194
59411
94100
7005
015755
97133
80798
07338
84831
75773
05626
110821
75888
58047
11824
37485
76731
85064
64876
56429
109496
013763
75615
28048
122524
010154
04929
01255
22112
56778
124911
38243
34485
72378
02749
4837
7286
21883
75663
018007
113697
113427
101113
5147
14058
4071
111876
03137
90173
93357
68499
79765
10057
105345
66585
99924
46046
9320
012170
105943
123088
36293
25240
8433
39528
85356
107782
25466
114913
65227
33153
95181
50680
108460
88120
44751
98837
84819
25642
102710
65119
79790
06762
24393
111680
13141
]
Roles[
00108
00126
0072
00150
00107
00110
00101
0032
00104
0039
]
