Classes[
45771
63827
18970
34238
41045
02200
32868
23481
109812
57177
07824
28657
012028
120595
59773
92004
98137
64736
90432
68513
02951
94090
14030
06538
89846
15193
87258
104473
016963
37499
68595
75171
88599
98688
45759
6980
14041
119191
54837
25313
69305
62611
61671
57981
121357
124528
018062
90918
7104
75917
52797
61258
75078
102919
74898
89221
019266
4236
113454
43837
103505
015114
6871
118466
94516
063
75941
112794
95023
64469
2080
47748
89892
115601
101661
36063
32038
84294
73818
104084
56155
24524
117597
115481
13555
803
74201
58211
59619
91800
98485
87930
104845
112403
14370
73867
66553
34139
85597
36700
]
Roles[
0025
00176
0082
0072
0039
0048
00102
00145
00174
00155
]
