Classes[
105982
111621
69021
017885
59410
65700
2297
44594
87169
110245
19745
114248
102050
124446
54822
66253
124191
49626
16941
91686
110317
53977
97076
93911
25530
62680
4728
8471
64938
92569
27458
62077
59471
110155
112030
78680
58538
117336
013597
015514
73556
62320
92940
114348
50447
15025
1895
107308
38214
116736
110582
57367
55157
111703
91195
18848
105928
014113
20817
52404
49834
46086
74477
125120
107076
120041
06832
011528
15156
016554
27893
104249
115632
58713
110373
011490
25370
20798
99560
82145
05081
19364
89793
29971
018490
96863
08056
102747
99682
30032
0498
105908
65298
012625
29497
92529
22028
48729
015864
67381
]
Roles[
00163
00176
0053
00130
00141
00123
00132
0046
0041
0038
]
