Classes[
09728
41558
74399
101346
37071
69174
91593
16420
50075
94168
91387
52197
16211
21457
62192
15493
96923
103738
22707
54326
57496
740
92107
106449
52051
017190
117496
44713
126038
19953
37377
87273
23906
96442
108673
05012
36580
49764
5308
17826
87710
53212
124525
110602
52217
90849
106176
20931
50597
75456
12135
04362
10156
43424
4635
010791
54938
06956
1020
25397
22228
17910
02178
47789
113919
11961
15757
49084
55655
36946
018015
88517
26049
110757
12784
99304
89635
118658
011889
37598
47468
104931
22535
77110
016224
102150
2218
01876
79417
92576
111985
58875
26018
121260
122218
73340
123490
66586
80789
34524
]
Roles[
00159
0048
00112
00116
00130
0052
0030
00156
00141
00145
]
