Classes[
57147
9185
11174
93527
09503
108625
011596
015178
44812
105046
56353
93850
72920
12197
69195
84533
44321
01898
50786
03830
106491
51859
121604
121579
09515
66591
017528
61502
14356
69131
022
12690
40736
016040
94871
103557
014102
42858
94086
05869
32448
011306
36904
25976
66871
19463
87016
105589
9746
50515
109203
35157
92652
125215
64315
19159
0499
3620
013938
12834
120247
51608
94206
99653
01656
116709
017460
119006
86254
74320
77096
94721
102178
123684
36362
94945
99077
27083
48349
97779
38533
37852
0631
14326
28220
66738
68899
105638
90670
12742
98793
77441
41739
21726
64372
13307
83508
51376
93471
28004
]
Roles[
00132
00141
00155
00137
00113
00140
00105
00114
0027
00169
]
