Classes[
20580
66592
013432
90031
78723
59238
7094
23278
80995
23445
100233
84205
106610
16712
118418
90045
118537
18681
87282
42941
52278
70484
76357
63076
102323
22404
19018
118610
013360
95353
101634
68363
19280
22792
102436
76114
123595
11583
07666
83012
59432
78012
71873
14962
86002
33395
51671
24108
23070
10261
60107
86660
06730
107133
76968
24707
36855
41179
93557
383
86822
40216
26044
18290
48680
41071
04646
011290
71079
65998
15381
06528
71657
79474
108531
104837
118477
49125
97490
23247
123002
60156
64319
13039
19331
119979
06383
048
66502
33417
013894
013746
120610
06036
43324
80884
011786
53358
49020
125153
]
Roles[
0041
0024
00178
0046
00123
0040
0082
00124
0072
00138
]
