Classes[
27311
82289
292
09326
20748
3482
102361
100100
34842
100263
017928
56478
06851
116966
011822
77393
105847
72281
74365
74169
64078
67197
64885
54769
20631
27964
75386
52256
99069
77178
76539
49655
75807
101506
60006
0663
51866
84116
57874
84069
63691
121060
51907
55370
113653
91224
10163
015342
80023
37607
61310
117391
87051
33003
29367
40421
41772
67273
37076
010050
98659
9402
63478
57757
44230
39529
125797
58947
58519
13242
48822
117458
42586
89257
97014
72911
110295
55871
42336
82028
36786
115359
9513
6150
50523
36848
62398
05049
6806
11557
89408
013357
115479
52986
49597
61737
017332
34352
55188
9447
]
Roles[
0027
00173
0047
0051
0024
00170
0031
00133
00113
0048
]
