Classes[
09433
9475
19636
73560
55658
81101
812
47691
59480
25463
014317
59145
28672
07999
72270
45191
13603
8640
80361
61953
4844
102394
11227
35318
54543
16054
71333
07384
43821
05208
7150
101599
100429
017184
10676
26085
45148
51380
110365
40080
95729
015299
123374
124401
67456
122314
37937
11581
79878
49485
51629
76612
61420
56933
49173
77993
52445
06787
58194
72015
72344
120225
75761
2455
08852
03066
5756
12126
117673
105589
41020
62779
2698
90923
59850
12448
88987
112756
7513
02791
86523
36244
85732
50543
119013
38294
26636
35914
013223
1284
04738
45696
010259
06226
64099
764
010397
104920
84566
013461
]
Roles[
00105
0038
00173
00116
00165
0053
00114
0052
00125
0029
]
