Classes[
113771
41432
58899
123826
24913
63003
41584
38578
124342
107583
73956
42531
82340
39990
6180
53335
100469
12280
10509
52298
14599
25975
4754
80988
06788
012036
04653
75107
72867
32748
62208
012885
93507
73657
25690
96840
12081
62516
72412
105684
99658
55440
015428
03298
115204
100516
49039
24251
97598
93124
108187
122607
56010
72482
104351
06047
010842
49429
01104
21574
62555
41171
58135
10831
34445
26341
122264
65740
32171
10032
83986
11878
09836
72321
98764
010369
3337
03446
012493
121035
9126
99204
24698
91777
96098
104859
89849
123489
3766
012286
29995
72508
26002
35492
01153
122903
54079
59215
04548
122285
]
Roles[
0028
00116
00100
00168
0030
0049
00145
00167
00137
0051
]
