Classes[
13753
40428
72637
43198
22125
120669
94433
125677
124214
47445
02300
37664
9909
60288
121305
93114
73423
07889
36277
015275
59942
49360
57684
04958
36139
019261
09298
58458
37363
96240
37585
79141
74433
016400
113294
42547
44393
07566
111456
011027
50066
71688
66872
9706
89670
05737
37861
124738
61852
76423
75218
3797
3477
53436
99162
103739
7792
68847
10563
37888
34477
79440
90430
43731
51628
49156
93909
60472
76943
78104
19333
108268
39268
50549
118366
109108
20721
5323
56049
57080
84499
23926
93532
010743
78375
25591
0849
116127
114502
92014
14952
55333
19536
12394
36863
25475
100303
16072
81295
26391
]
Roles[
00137
00104
0035
0029
00171
0023
00153
00113
00133
00106
]
