Classes[
24077
64231
109950
010527
3125
23423
103027
41685
97317
48797
100730
111126
33522
96834
56854
09364
81944
01959
29085
57570
13121
75805
51917
7217
75505
09054
101239
102363
012693
8675
57728
38832
71158
23656
018312
23100
106332
95188
13178
21195
65663
74627
73045
012621
15558
26302
54881
110541
58096
26961
6771
02017
010877
113037
012948
04311
34871
107480
77307
36682
06139
59637
011696
78444
87784
013326
92751
42741
39438
23757
74957
79875
60567
92695
57297
60706
126067
14566
71527
3155
99256
15891
47973
6617
12281
120986
07362
0142
117798
72790
36963
59998
41414
70650
48279
78470
014754
08244
92273
79955
]
Roles[
00138
00125
0027
0031
00108
00131
00140
0066
00172
0089
]
