Classes[
60141
121401
115760
89445
23327
108484
123069
85417
05956
42961
014045
018625
24126
77124
117090
107088
017287
27660
18828
112042
109895
118471
35332
81561
107831
107702
71745
36958
17175
34579
103826
110399
96624
17978
77262
94876
27241
106402
10805
81280
41393
89055
120348
104459
41858
123825
79975
8653
33163
91499
23526
66952
93320
88906
122801
50043
016677
05931
90208
73571
4923
55694
11006
012483
122546
89539
66657
72198
88358
85411
54626
018040
12229
73397
49811
82424
109695
99609
68564
018736
108252
11121
93847
62994
15011
95535
07222
10046
01714
4290
011873
10124
68243
39227
22374
79390
63787
08386
11429
113196
]
Roles[
00105
0042
00135
00137
0026
0047
0045
0051
00130
0029
]
