Classes[
119446
107754
14291
65572
45753
29638
76142
90521
50684
94258
86537
39338
24597
71420
74332
24014
03330
836
55046
56182
999
76741
78398
13192
19409
57771
50909
113796
7605
53454
65229
2656
117263
08020
51484
68780
010962
105905
5369
113465
7961
62889
06273
297
92980
117503
94172
40724
016282
017496
104991
96078
13828
8722
75076
53265
125194
48028
90891
011576
1496
7615
41491
23385
73696
87453
105143
15130
111943
8587
14996
18406
68392
118366
17338
87363
90752
67088
4235
48163
73224
65279
03134
95511
105016
95762
88844
22045
7125
7948
52437
18174
116951
75264
17269
106163
5632
122185
101929
18934
]
Roles[
00172
00122
00114
00140
00130
00163
0053
0027
00132
00175
]
