Classes[
77804
41266
14889
65482
13629
011888
44229
5352
33427
50587
50255
70610
010004
29490
23774
3784
59980
103593
17863
015663
109608
23351
89404
72610
5949
93266
010858
13689
25781
74117
01391
014541
27526
011401
81772
88601
16859
92386
107113
70572
45132
62123
29688
47435
16765
0694
5926
76769
100493
47383
38768
02216
87432
12096
49991
108541
59975
95584
125266
05719
51564
72013
79477
93107
78263
123483
97703
87789
01538
06651
85891
118145
04052
103007
109623
51296
91518
01737
23340
112654
115769
123725
124637
011091
105592
66873
92231
104257
116724
2292
112114
19776
43384
5269
86027
107624
45329
91378
75470
124087
]
Roles[
0026
0048
0050
00137
00145
0081
00172
00167
00108
00155
]
