Classes[
88372
96195
28441
84267
89005
33323
73316
0762
019042
65030
27800
59594
89120
34861
29126
39231
20021
17126
98506
56522
4462
38001
78156
2793
5720
26830
90936
85177
109884
98875
61380
105003
108922
48453
34853
105405
105761
74946
108063
33082
108579
119982
6143
80900
115416
124414
015447
55532
64203
93160
87913
95415
1807
05971
82585
13230
58924
15329
121625
110862
7119
014289
126113
74372
22540
015281
86886
52238
0777
05744
115714
120437
100657
115140
62406
11221
012676
20662
20260
106499
9450
2058
115228
119194
24728
98399
33029
10466
62121
0386
71234
15394
96076
28370
016934
34636
110302
40011
73286
76001
]
Roles[
00104
00150
00141
00171
00159
00107
0028
0036
0054
0044
]
