Classes[
110496
012160
123446
73426
016799
86138
48352
105660
94247
27340
90711
87291
8779
97990
106781
1070
014650
17353
99785
94809
011318
97384
94513
08718
75496
42500
122227
29708
12990
88873
64468
13981
08517
11206
58160
118810
103170
125123
90936
48450
43775
110920
102020
97581
118595
07644
34950
92438
37591
107751
57409
40686
113733
75675
18807
43724
41863
18448
14144
98836
07757
113033
96303
30042
17048
63341
83756
14300
65873
44585
03711
6492
62395
40386
73340
05297
100278
92670
82215
97456
108103
103416
119570
85494
017222
108344
78298
6163
011629
48030
1606
108631
2111
98719
51144
53279
45264
114165
54110
125633
]
Roles[
0023
00141
00113
0054
00105
0072
00142
00150
00139
0089
]
