Classes[
10627
92296
012549
79102
76808
78272
125623
19857
32492
09842
014757
76483
10050
35936
011173
5727
10515
74528
32748
7786
92550
115325
87569
61602
111848
07019
56985
102234
06779
89302
83521
37792
0958
40403
107444
115967
11768
23710
111262
49651
016668
013791
120775
126252
85364
71146
38771
64134
57781
117224
018403
07028
84201
53410
66015
27976
63110
91381
11782
92625
10464
7796
88508
72063
35060
113914
125809
1102
89160
87893
99442
61387
7894
38567
113391
88552
09099
119229
71552
111033
377
115954
79170
29538
56320
52899
87240
65249
88000
91600
34441
53116
77157
01381
7481
73638
07700
80289
64325
93362
]
Roles[
00126
00132
00168
00163
00104
00112
00171
0031
00166
00158
]
