Classes[
115944
5289
101817
26003
016636
101431
39326
95367
89267
36411
63297
71345
44145
03655
114167
016770
57978
34189
89313
80057
24370
5725
9284
59263
015160
33203
27781
34453
104858
87797
87076
7744
79464
97413
35854
63261
74865
34755
80243
105535
05850
71812
101267
38964
123186
63121
015125
15825
75572
010285
91177
58179
97330
65507
25153
12505
95284
14582
29590
60837
18039
95650
11862
013082
83237
114387
10275
76153
111645
04534
2944
13257
89799
07823
28267
99665
79660
34834
120533
011461
35840
06047
108152
29703
74617
60394
61132
3361
118941
08111
20103
118042
36753
117066
2863
3079
124489
4595
27290
35263
]
Roles[
00114
00140
00172
00163
00101
00176
0025
0081
00126
00142
]
