Classes[
42197
39741
95958
36385
123157
60137
120889
5585
117037
83845
91825
107683
05194
105576
011549
34117
26651
688
29306
108115
75694
44857
64731
59459
39813
108895
119855
79282
89774
54692
76652
103318
98436
97241
124578
44261
106081
73547
26676
98591
90403
89795
85836
04572
112175
117011
52112
17877
108449
81115
73152
16958
08960
81609
2989
91295
94381
89681
48569
52715
74184
82728
75013
100983
96771
19534
55063
5972
79977
97238
017849
89939
80332
120848
97871
84144
6186
102128
126053
72003
79601
39527
73561
26168
42902
08833
106078
015653
88469
53468
96316
95304
54395
011068
102104
1968
62065
24939
98183
7826
]
Roles[
00125
00145
0066
0038
0072
00102
00131
0026
0048
00156
]
