Classes[
08082
96320
83264
76665
28154
02187
06489
42859
107781
11172
82276
6509
98656
97301
42858
95650
65769
26582
09693
100007
118134
27028
15962
96420
116693
88002
33678
98074
41210
13371
11007
41107
77662
013242
12823
84241
11650
35947
56232
108236
32860
53930
10044
115370
40129
08518
94617
44346
011734
59465
51484
19158
125934
57433
112721
35139
58836
018870
58698
21365
104744
9296
06182
26470
06498
07181
019194
43228
07149
112599
108458
93004
22522
32882
21541
61957
83982
06675
8550
48755
2952
107880
113400
54360
015906
38232
06800
78480
20226
016292
84115
109187
56839
108380
110611
76189
97033
58230
62687
7249
]
Roles[
0050
00123
0040
00177
0049
0089
00175
00172
00113
00168
]
