Classes[
013351
107134
85051
5833
88414
93266
48490
57450
65427
116997
73977
010201
124230
45589
75076
11029
78822
55304
21654
89608
6701
013389
46113
88752
106659
103165
101004
103668
118354
114972
111106
09910
81799
96405
112456
21242
38119
8239
14747
1465
108743
011890
463
05566
23576
71195
4419
87531
93058
56108
11110
02210
81914
015782
98109
111931
40780
114229
44211
103599
90214
120825
47692
04650
112144
07914
09654
013440
52846
102530
96237
37722
09221
34011
90595
3094
40932
108199
76751
81249
53965
3803
18196
95170
82540
21106
114038
33569
25483
98702
4377
09022
85127
27367
36985
49655
9742
118496
010387
79350
]
Roles[
0040
00104
00176
00145
00139
0048
00165
0089
0046
00172
]
