Classes[
19472
78523
77177
40299
99704
40187
93333
50246
94237
81092
122703
84589
010818
011220
40685
012716
929
48388
20471
72539
22118
114319
3060
016719
120679
14252
103332
35458
019222
42535
113895
84246
15474
28698
95791
27763
80091
86052
015589
3715
32127
25163
105993
66020
86196
47996
27080
99861
4977
40177
38320
104802
58552
22790
24839
53133
118514
15356
9296
52002
5197
27206
80466
60881
014689
38516
071
1819
22612
87049
85544
5635
39948
5362
29098
02372
123960
36566
82862
119028
103361
16798
42436
74284
82278
74106
42410
11373
117474
101220
41029
03605
23375
122749
4478
72102
62924
116510
87084
29576
]
Roles[
00102
00113
0030
00159
00133
0050
0088
00169
00172
00108
]
