Classes[
106433
013712
91750
99879
22533
50829
04289
25147
53752
88206
77469
75643
58561
21283
66605
94146
34289
120450
61591
18030
016239
05553
06007
09477
99581
78231
017251
33071
26370
34111
48183
98170
1496
010427
104787
62620
40343
69317
84551
108612
49678
5703
18548
60599
015363
92643
61985
21035
98189
44918
67112
101690
86242
87861
42087
3448
108775
80774
48587
124875
79155
106392
91976
73976
1085
03150
11406
07320
14261
103218
95065
120512
64214
02308
92514
61210
47493
62974
55481
73826
94538
78619
124636
117993
92563
70621
24260
26469
45230
119696
80830
70824
15815
655
0841
88623
77956
01334
121158
0576
]
Roles[
00105
0027
0082
00102
00146
00135
0038
0050
00123
0046
]
