Classes[
78643
112812
11650
65192
15101
28814
017372
75608
48615
60589
30118
50139
37939
17007
37179
39773
55360
63627
14330
88885
1714
71866
66391
571
115713
62554
108643
104143
115296
41435
27339
101338
01359
06473
38048
94264
27899
35174
123453
85698
015905
118016
71193
112357
80614
118032
011499
010455
07806
90927
109177
93722
119473
07647
61187
27179
32252
07818
21402
59159
91602
5770
8403
117037
3591
61771
37329
92753
4753
65679
58305
37508
38412
15976
03557
93489
06183
210
99868
27118
83624
125047
82031
77456
60774
10900
107395
118269
64581
36637
62343
4441
3074
49396
93593
119594
97265
100305
86061
56713
]
Roles[
00173
0035
00108
00112
00172
0027
0025
00102
00137
00138
]
