Classes[
122752
65434
78714
73017
24719
28178
8441
80533
90184
10678
0208
32262
52951
77743
73751
98080
53020
34209
016287
21400
57539
120701
10527
91083
64540
90018
122803
43414
29572
56344
53781
39419
125430
1526
27652
99134
02346
26554
101997
89315
50928
06299
106281
87876
56125
118718
17505
82154
55242
70960
1083
55576
753
117911
106993
40583
6251
115160
25966
4036
71716
81332
89175
88333
25133
125932
52551
83353
18381
109955
120780
27293
66991
74175
112228
6870
66694
1538
86260
28576
016782
100819
84768
45657
07262
49811
51657
83542
9369
28109
98709
95691
27210
53402
55705
95585
011657
88201
011416
86780
]
Roles[
0041
00108
0049
00135
00125
0050
00145
00158
00102
0089
]
