Classes[
15856
110501
109723
91659
9166
14953
84315
109342
06393
112139
010611
92065
2027
113203
79685
124793
04263
116723
5860
114574
26573
68719
42586
34744
66685
52179
28129
018842
116710
07936
118811
019213
48345
24323
62928
115433
73898
017867
68707
58869
125319
72123
104193
108384
74684
104602
84144
106487
0761
122553
117060
90791
124766
99795
116047
75095
94858
116889
49415
76712
70998
32083
26958
39921
2246
92817
58856
28242
686
96357
406
48811
124077
37870
90742
018561
123374
112940
19867
101504
115827
83505
99845
36791
118589
72122
96982
102037
21289
14666
53656
118137
108792
84579
87167
8340
72166
73444
1846
38097
]
Roles[
00145
0072
0028
00102
00168
00104
00169
00101
00139
00113
]
