Classes[
13207
475
2727
38950
21648
91613
01330
888
43910
35996
102429
35804
93817
38516
117356
05493
80441
36307
7628
75236
77607
016786
017577
63316
9311
12102
014962
109462
017214
120362
26197
94578
86216
06300
61061
87170
61952
33008
018640
2261
112114
51780
03464
84624
15818
68798
124638
116721
96240
40259
72966
61242
10666
54423
114884
117568
81663
115140
123673
106922
88708
02737
67563
117133
61911
81006
63024
20631
36151
838
014431
02441
76133
53661
107936
94441
41507
97596
52342
103010
78210
07065
9709
67096
49639
49654
48607
42177
4855
121741
04467
45015
100960
126324
15099
09765
57354
117827
71674
21348
]
Roles[
00107
00125
0027
00155
0044
0040
0082
00178
00172
00173
]
