Classes[
93278
107805
17367
79893
30130
0114
3848
120571
011167
39172
113592
63600
10467
36905
03725
116940
014328
58854
74923
57953
34187
51618
09890
3942
24067
013404
83492
28652
18942
50709
67476
90141
48023
119789
48731
49592
101786
88047
76211
43585
61943
65352
105513
35004
23658
48498
23321
78015
119127
89242
07831
33195
74547
59602
87160
80933
14157
106733
3316
92434
55920
13916
87177
4713
115268
71509
13817
01880
07168
20775
15029
8830
07488
2144
8429
88270
113877
51722
53749
86283
28036
01203
109804
17982
112484
828
106713
59690
44764
66923
54839
58954
18023
99494
103812
65915
11883
012607
08213
107906
]
Roles[
0050
00171
00178
00139
00179
00170
0049
00101
00177
00107
]
