Classes[
11240
81752
0929
107078
11915
23899
117257
118144
300
74585
76587
109223
50494
010612
7104
100112
5888
03333
27034
116742
03737
93351
118189
73093
12527
102300
110311
47875
04055
63872
58673
71490
61813
89019
80272
53286
37137
123648
70474
010212
111484
43432
14224
80648
54135
93056
51905
19238
2228
44031
100705
92946
92628
93383
106747
34597
76199
87498
106143
38954
2518
12221
39762
113524
8158
124221
05544
010132
08945
109234
3400
21726
01454
11709
20731
125483
125747
75673
101747
014371
120934
014804
40549
15031
49021
77316
52166
4228
6895
24580
59410
37726
03393
17067
75636
99085
15052
12623
012953
77559
]
Roles[
00158
00165
0039
00110
0089
00124
0051
0049
00101
00142
]
