Classes[
71585
38563
2381
18182
94590
122964
75548
07228
32645
10485
43366
72971
59168
55019
89766
011490
23235
77408
109569
83435
71249
61863
7920
118049
15888
117310
29036
123662
05404
07091
125865
41699
10682
106134
598
13337
75342
40625
37517
98158
105265
014785
74863
59485
100707
59728
75005
112862
9117
83053
06768
93749
78110
28717
82785
013646
81623
104126
012600
60559
55135
48984
62850
113415
60566
61966
57586
4437
73733
09093
9482
63216
109743
19906
108140
117010
4671
96676
014168
33423
75213
011489
67546
63878
05064
54566
98097
010114
121916
82977
102471
96195
125321
33754
09870
018570
14972
95025
123269
116871
]
Roles[
0028
00150
00123
00112
00173
00102
00169
00146
00142
0034
]
