Classes[
75481
104355
81872
108912
011195
74338
67500
26414
40459
06283
53180
104060
45935
20231
73715
91771
82057
28994
108016
03528
120711
109587
110596
112317
114961
40523
81591
5881
9644
6048
56599
03811
78186
9551
3825
118766
03802
29435
123208
42972
03480
34145
123188
55203
5678
78089
84036
87854
72278
115046
17254
94677
85397
119008
01947
110691
122163
02986
0256
91500
8630
82758
17903
93231
07444
39426
05945
57795
119388
101465
75638
26597
103655
86908
2775
05535
121040
113193
112407
64212
96358
121429
123307
60368
6622
44884
35566
107082
72158
63762
47817
41378
09955
06886
120893
20657
15501
6268
77244
74424
]
Roles[
0048
00116
0053
00176
00166
0050
0040
0041
00124
0023
]
