Classes[
57442
79283
83668
80200
010477
018310
015017
100163
5370
52909
014004
13811
54751
06594
86702
123783
012081
102696
94144
117679
07843
112992
103894
04630
103897
108760
61827
115286
96282
02912
75707
92699
52664
34974
69038
125460
016719
38847
53920
41651
119348
87284
74317
67504
24995
82700
106715
74688
3687
105179
017143
125668
52687
58400
02091
1927
01969
018616
12874
45584
559
15318
117106
56718
103741
72429
34960
116937
013684
119404
13865
370
23682
34672
89275
3675
101907
59768
26218
41727
27521
84922
06251
42116
011658
125203
99981
100767
83820
99623
010301
88099
44748
07515
7837
018742
47847
07485
89505
65657
]
Roles[
0025
0026
0054
00176
00115
0049
0089
00101
00167
0088
]
