Classes[
116471
8017
6735
23739
13007
93553
50635
113965
018383
86260
101900
36111
105938
013723
93883
25456
23171
34890
49710
64270
99618
63256
122296
89506
13661
55587
83113
44290
52947
74342
45971
10669
015259
120251
05542
64298
38551
121639
89121
25000
29098
57104
65245
79784
113710
76480
96148
37751
39138
42647
89431
014079
37420
019217
7801
24658
37221
95032
36201
95733
50434
828
109279
71951
63511
87599
96963
14989
0544
97164
111196
114684
05626
03168
40130
72744
108363
115589
017616
101249
52120
4074
52635
110316
37640
7509
28419
91807
122664
108425
100695
94511
15032
13758
4878
88626
018874
85047
08954
62784
]
Roles[
00167
00108
00124
0035
00145
00166
00126
00168
00132
00163
]
