Classes[
55228
27844
016255
65255
108896
1275
113339
17927
113281
2300
116282
32086
013743
5712
80036
58556
114075
70774
015114
50710
017283
07774
82466
81044
122313
85921
9661
6774
106689
110428
55329
98792
66314
91900
011704
62838
83639
53266
106160
45234
36795
07813
23972
04389
27305
43243
50309
01094
99834
017534
114201
59954
52508
72518
101230
73272
012986
48567
018415
90326
48260
24778
33916
5401
103877
70969
90541
90018
55828
95573
40200
17238
74624
48759
106045
35884
117784
61689
50542
18310
09340
8045
09576
57255
61433
107477
78775
32869
12488
03796
89275
01723
95820
20694
57273
57576
60635
56139
81334
123060
]
Roles[
0024
0082
00163
00135
00169
00146
00126
00167
00165
0031
]
