Classes[
3798
85590
96597
50456
107026
85949
73946
1665
4856
91358
12604
36484
44739
0288
63269
60391
109133
13392
05406
0438
93449
03049
26984
35106
113152
15948
68328
04179
66345
04466
59480
96520
015556
51913
117499
83248
94617
110862
72192
34968
365
72848
05474
119262
92369
96921
53000
2368
02429
36138
80725
9892
53405
80582
23828
6445
21622
010281
110025
73057
87001
110328
93042
102029
71161
78490
103098
125118
9082
75085
0521
86271
66470
26652
76580
100190
40331
53438
34187
22305
8640
72585
75181
60005
58886
60604
57432
57572
103761
18922
42654
13672
06770
03239
49533
21766
970
11573
85741
48956
]
Roles[
00140
00132
00122
00110
00125
00153
00168
00138
0089
00179
]
