Classes[
55346
49913
109125
03784
61541
13249
90865
63052
66296
010049
20178
05377
49955
55040
124754
33248
2196
13018
24550
60383
81658
91110
11518
01510
60207
76567
7018
117893
114802
37714
42373
72914
1418
46028
98091
472
86455
39747
122735
011754
112568
35228
017084
9426
110121
34233
15973
105560
39617
118272
012077
010895
58879
89076
91572
20835
110698
04749
93672
15194
27582
81643
51618
018480
124594
017896
9593
87892
3047
110738
19908
3773
35766
37826
95190
64596
37690
42192
22679
20148
5544
114048
73423
88249
42974
016567
125176
52380
33015
97493
48432
102072
61842
21592
42468
013988
112822
90568
110229
121245
]
Roles[
00102
0053
0052
00170
0047
0035
0040
00174
00133
0038
]
