Classes[
93474
111116
08102
76465
85682
74482
7427
98681
33317
115365
120447
16662
64107
9749
114118
78433
99050
110682
62079
69241
103116
88334
78096
116823
14398
74372
82796
116254
8226
25005
50062
42955
91913
80364
78203
02202
111815
67010
5446
92110
106770
72020
24188
8747
20429
51233
19009
27153
011325
113505
64978
118419
34569
80894
11664
51945
102185
18084
24472
40440
56891
93408
1727
85187
7372
04166
85545
84040
36265
91310
117978
65233
27610
49653
110989
32963
102594
33811
117831
65234
96186
95039
65525
26107
011581
81097
62431
05103
81879
39678
018269
78555
9564
06607
104887
100462
59295
112643
53191
26179
]
Roles[
00132
0025
00179
00140
00130
0088
00101
00115
00100
00138
]
