Classes[
76845
51348
63715
56207
83918
98531
1585
106779
117934
05938
23606
36855
121955
23240
113367
5977
87337
18565
015929
01375
3574
21252
123683
14753
39480
8722
46035
124937
66735
88131
114773
57279
92958
5176
42744
35923
22210
02278
013347
017686
13895
1165
113518
86000
104523
71443
55516
014520
32049
012959
0573
42144
52020
23828
117727
010765
33937
62337
017318
1422
66386
18194
39539
19872
93842
112452
78685
11289
125068
16654
124360
71978
37375
98004
018203
80179
41436
124013
56932
83986
010752
74500
96005
19783
117646
015313
55576
19802
12658
13756
19883
508
100481
21107
11816
28450
125908
100721
49108
05824
]
Roles[
00160
0045
00135
00130
00104
00132
00146
00139
0082
0024
]
