Classes[
13983
71739
78807
04280
13609
24907
09598
010253
73806
91475
64653
116209
77276
56688
26736
12522
89135
17363
125211
121710
37351
76449
07471
100365
114929
1399
89184
56101
33248
0571
99765
35758
116630
5671
125079
35990
61818
84846
71909
42773
07557
35364
57386
122704
19916
23345
117857
64895
14050
111017
118424
4314
70671
28925
29820
017832
44154
122090
015915
725
92470
126201
112570
38126
24032
38396
121394
37255
122268
01097
06759
016494
87858
21277
73911
86700
51595
51660
17307
102282
54346
014131
110277
51518
116102
105675
86578
82037
05905
89672
105567
120052
820
08125
23004
43197
64310
85112
19591
75470
]
Roles[
00100
00106
0040
0031
0052
00103
00165
00179
0025
0048
]
