Classes[
51710
74771
97085
91158
07467
89715
101701
109002
57880
113884
117280
120154
34429
17037
35556
113825
69181
56166
013308
99469
65759
68458
101753
121284
65425
101320
54160
125765
116424
14141
16105
03642
107735
3296
43944
91289
112305
012597
018214
53100
13940
76282
43289
10354
9371
25158
017033
103923
59546
111419
111834
02479
82688
03152
55361
114223
8404
3663
08139
018668
2224
125696
96683
42106
87161
06027
75787
32454
103204
74349
61669
108660
108635
78617
110284
36289
4552
1310
84322
17443
014935
61386
93439
06490
124876
72965
123395
104718
74582
106985
84989
26358
27242
59159
93648
7670
42162
27095
012094
04040
]
Roles[
00176
0023
0041
0088
0031
00170
00169
00130
00107
00133
]
