Classes[
05307
82137
101474
122277
0573
38667
61340
110527
9312
115787
111542
57202
106092
20325
36809
104275
79255
126320
52583
014389
017331
38732
1730
07463
77031
1793
45919
9673
68432
101712
79948
37195
56728
115092
111836
017051
110692
81461
100904
16655
84784
93057
4139
83901
85657
117281
101802
93915
5906
37786
27634
63194
35421
98875
19938
118017
63889
96010
81014
012412
91351
22598
124330
41863
22787
96853
6220
21426
17377
81861
68642
28419
61063
19475
9665
24780
91212
10271
35982
99830
98771
84843
93689
86027
017315
73163
2252
109274
87327
51763
100641
03203
60355
108530
0778
125443
01735
015592
54233
0211
]
Roles[
00171
00176
00177
00105
0051
00142
00135
00170
00113
00103
]
