Classes[
96450
35394
119127
63735
79774
111346
120739
012089
66838
85154
12350
21062
34149
25451
71459
71609
98606
1181
107582
11101
119739
013442
27523
15675
55919
123014
54800
16689
62607
19411
6462
37465
010173
28786
66981
97931
103741
88942
13886
22776
120077
22543
72224
112856
85127
64682
56118
19864
53756
2591
12925
50414
75630
115239
110483
100659
44830
89693
78442
88422
50966
11964
37291
019276
57053
19370
48808
36204
016086
52779
51579
3639
51083
14115
89607
6886
58189
018190
27238
13018
51637
010469
44692
011864
84049
0214
33376
86312
63588
76421
55902
105608
123403
43168
10067
57088
35012
6911
6280
9787
]
Roles[
0047
0024
0034
00153
0052
00145
00122
00146
00113
00100
]
