Classes[
011695
126085
61423
01247
43592
54710
82563
63759
38006
9779
88167
92603
64049
012350
25452
89912
01560
50621
6505
88265
28418
48364
124043
04545
126034
012786
33459
18638
21601
48175
28838
80977
50178
102805
122819
013725
80598
40015
74721
109755
74257
08760
41833
24284
110220
32340
96469
82697
26288
018443
56684
09181
27627
018964
09368
87953
2931
9651
86946
119580
91187
72865
124272
28335
4801
015259
018038
108477
015475
60387
27241
35175
90648
26711
96533
1221
60552
59517
82344
66290
103448
82470
119417
83977
38840
49804
56711
09897
53068
018336
103260
118564
60683
50563
02512
61864
122271
102984
113176
60436
]
Roles[
0053
00132
0066
00163
00160
0025
00126
0088
00174
0040
]
