Classes[
1062
10901
102899
118394
78339
90277
81056
5342
15082
71532
85378
64721
96632
10176
12558
18668
016073
79292
65976
3305
20610
011765
95703
61124
22450
01770
0567
32235
16088
21070
41566
45166
07644
85438
119337
78765
111795
57838
06068
3208
10809
11981
52815
22514
44572
04328
10673
41526
016010
27926
07136
14860
32124
93514
9997
75356
20362
125850
54207
101857
50089
100402
13225
86240
99276
60050
04335
103609
011867
79747
91884
20752
013663
100948
016097
103213
58397
36386
29815
104023
01520
125404
59015
5406
83215
45311
2810
36199
57305
64498
93167
118159
65569
81345
115446
109593
65184
04717
118306
99320
]
Roles[
0089
00124
00100
0036
0088
00165
00115
0050
00102
0030
]
