Classes[
54398
013304
119840
011912
27541
11491
3214
03186
11477
0347
19673
36442
6891
014866
78019
37268
45957
84160
58500
122058
012112
86992
99152
9577
57778
102109
33721
43373
6658
452
9276
90141
22713
03683
44025
81907
81690
72760
105016
64103
01213
123708
07923
125331
38239
19142
121616
013925
6020
123959
40306
60786
75265
83143
38257
68720
34272
96179
54833
98035
113825
83707
115870
81966
76819
59863
50423
122691
91216
83100
88950
21317
47885
90547
120322
68335
86664
48340
19717
34020
79344
38751
66635
78873
53767
05833
80782
77378
36289
02305
21824
103167
105565
95982
69158
22369
22999
05882
16336
01593
]
Roles[
0029
00163
0030
00122
00141
00132
00103
0081
0044
0051
]
