Classes[
110580
96542
50842
04719
66574
24878
119210
83097
43418
122361
16880
110399
109615
119365
97976
11833
21270
91286
122750
98214
36845
111959
40068
76166
017712
111802
0489
76179
85868
90099
123919
57274
53988
100040
112860
014201
17325
46041
234
105069
19685
94977
51511
121864
4988
77132
17723
112022
98597
013930
21248
03570
297
73121
113241
18301
68388
116230
23152
72594
64047
94806
76004
114237
92336
57327
016845
16055
46036
104976
53347
56184
23831
100406
37118
29510
123988
114261
57546
85568
66255
104289
23486
11618
03561
87020
13403
9280
3728
93663
119896
4889
26706
02626
45025
76756
81513
90716
118277
60671
]
Roles[
00174
0081
0042
00167
00106
00158
00108
0044
00116
00166
]
