Classes[
34613
013541
119506
3709
01308
21305
77052
42085
24715
124335
55771
01522
08601
99172
6905
79189
59304
2092
78547
74186
100205
01339
82993
60626
48891
27213
125094
34692
03339
09305
112044
81805
107813
58322
0162
94157
38711
105048
9054
13726
017819
96487
108567
75184
34175
29777
60009
19128
38244
113618
103679
09912
73421
25253
87953
90831
85596
38811
72020
91770
017723
43393
125075
65043
61803
109788
012384
74821
120782
27270
92494
59295
92551
09537
68935
82049
103556
09356
4500
119171
117237
94865
67406
89876
37781
88535
57433
61109
25920
64251
34258
011160
65626
15669
98249
84955
016827
50407
68329
38421
]
Roles[
00131
0089
0048
00122
00110
00139
00163
00101
00115
0046
]
