Classes[
70873
42173
117749
70906
98559
4204
93950
120927
125165
12624
64048
84463
616
98605
60763
94188
83214
109629
26034
06873
65164
35932
25555
14822
105732
95593
44097
74641
014170
105343
118974
50785
53524
16633
123391
51782
0436
71928
121201
29046
98148
24481
72114
71020
7230
9676
015391
104814
7990
21845
38388
4363
39754
95630
013339
96066
106377
114577
78399
98836
43744
97807
02311
62914
105533
96685
79472
89475
14801
19531
60842
27645
40076
013289
21362
59341
12465
25122
80450
92469
0531
55882
83542
96188
53197
124620
014524
62717
117018
79603
010119
11893
93839
40545
91281
03902
23322
61731
926
016182
]
Roles[
00125
0089
00146
00105
00116
00106
0072
00173
00100
00169
]
