Classes[
90589
88727
32361
35397
14220
107175
401
51072
73411
45014
78489
30070
19873
28071
72779
100130
07374
117453
79357
20986
34139
96422
47384
54813
014579
87504
122294
115593
74020
67141
40704
37136
64777
016431
34374
121030
38043
37272
14294
68628
12973
8233
122626
12808
011544
68241
0674
106318
4879
111624
53628
85674
57110
72492
011128
115920
81842
68652
8780
08553
75515
18929
85653
90649
14205
7666
294
86862
102632
25008
47567
53767
4408
100861
4268
84695
015904
39575
84653
456
111678
28676
41856
96136
71128
97347
71119
70504
54563
9713
63174
63784
34017
06804
52734
47876
119512
93241
60347
34117
]
Roles[
0029
0034
00103
00130
0050
00175
00126
00146
00141
00137
]
