Classes[
87145
70921
11931
36954
88156
119543
49511
49138
8843
39132
27043
53503
60141
118581
25616
102081
104123
1195
03841
66387
9350
01873
694
59064
114255
51454
6114
70835
124801
02209
82866
58078
99445
52569
62358
53884
51108
100082
02752
27801
42981
23504
98277
33152
123471
010961
54266
75014
49146
016022
10640
57202
01772
100345
50072
12643
118092
9132
93443
82228
104670
8560
62709
04589
012289
59335
37458
3787
0434
43629
35825
3981
125216
98962
87362
57957
57759
4925
115177
73304
51557
82051
38562
13849
104674
57053
71361
57753
47948
97437
123340
17774
106974
24908
96281
4463
61974
93021
64089
114044
]
Roles[
0026
00140
00123
00146
0089
00158
00174
00126
00165
0028
]
