Classes[
65887
56038
42951
63253
111236
65596
59048
017977
03229
72574
93759
15933
48780
83479
58668
42948
35556
66614
113715
122335
65776
113799
111284
44976
53490
01300
35270
19144
02099
9650
103949
018731
3984
2367
011142
05073
111340
35984
19949
121027
89663
37602
017857
112746
21178
62454
05547
02037
01258
27302
4815
16559
101573
75016
09242
92993
08660
25214
119076
53874
116915
12184
6816
87469
112913
71070
66670
118498
016037
12688
99656
73074
96117
61560
118151
64604
71827
07247
45078
1475
103215
9868
121022
69300
52808
65512
25638
44599
78215
011531
18495
32894
28053
81462
03990
83373
015251
108862
013467
55866
]
Roles[
00158
0066
00112
0039
00135
00171
0082
0037
00145
0036
]
