Classes[
10793
76489
39030
04098
014870
60699
7136
011792
79313
38494
121017
123341
19108
07638
37930
78421
70993
79977
34026
110808
86473
116044
83063
14365
10718
14498
15806
60445
82189
14975
77154
113490
113631
10858
56013
99095
69160
45932
10536
012249
15906
79143
56499
42030
100112
87418
84412
95737
38003
23064
9750
59059
39100
1954
016469
115098
44736
66325
27772
32804
113141
93344
44421
04438
24940
29456
017123
691
92577
125068
5642
45545
11469
80937
118694
19252
45646
15743
14378
78150
111174
99840
78596
27753
55322
61660
107839
014383
03124
37566
14007
017855
15361
14963
59258
104880
105336
08464
017773
123585
]
Roles[
00131
00125
00114
0051
0031
00177
00142
00145
00146
0040
]
