Classes[
016299
98560
91916
49781
104248
012892
107802
22432
117161
118104
017739
76359
64223
89239
116523
90883
40989
108094
1046
48625
11982
08300
99598
24420
08372
107429
6451
105279
98258
12038
25359
122212
108527
07902
30127
18382
64081
15677
48364
19439
76742
80573
72929
11944
93591
77491
60807
78434
76171
102719
72304
62908
45142
29866
5168
77745
1486
110484
123366
43984
32430
101129
80227
72487
03012
59488
33521
72002
114625
9844
89940
29148
78245
91570
70582
34601
105071
77445
57610
20957
109517
112001
43380
111872
04549
72860
0464
4664
61139
90681
016457
59688
92033
018118
29337
56299
115489
112009
01446
102633
]
Roles[
00122
00107
0035
0081
00176
0027
00166
0051
00142
00171
]
