Classes[
121096
107757
61256
92809
12366
09735
112627
49443
75685
80728
84118
125366
15299
86290
25185
107478
90909
8058
85770
87755
2751
120593
74729
79447
65070
58065
116925
30156
84424
22251
6081
776
114783
42142
34559
9410
86041
5200
22297
56529
19146
114932
126277
49136
14269
82745
07087
83127
38895
58285
94199
109095
113197
20965
29482
98358
015539
72143
78833
108114
018787
107056
8389
5956
93668
125796
101283
4627
41543
45628
35682
57164
49858
02556
37109
011994
77297
63266
38823
29816
012794
08484
04568
32076
97933
01421
114039
48208
58703
02434
97630
88919
28450
50409
72529
84946
40241
100308
42249
5640
]
Roles[
0023
00153
0047
0036
00179
00110
00106
0050
00175
00156
]
