Classes[
51772
100250
110762
7717
85893
73253
41215
45142
010613
54233
45928
114262
71477
118719
05502
64829
107310
01929
25736
110282
53874
14321
33503
66686
65464
39155
06068
25471
92268
21578
111715
78443
73069
86701
92346
62817
38167
37737
35429
25100
21240
39371
65488
42970
54996
74787
83065
03456
114305
40418
15641
42198
010029
122460
58498
102306
016979
62366
017303
012438
23160
113941
76558
107565
50168
62777
59658
60568
80119
112020
07837
013732
3627
45182
1608
58933
111979
47390
113492
1421
06992
100688
118394
83277
77452
07820
60788
55666
0462
69134
2793
123977
97103
08333
016374
37410
13469
13273
81948
019220
]
Roles[
00145
0028
0047
00113
00108
00102
00139
00140
0042
0030
]
