Classes[
25276
61489
43458
018250
2663
011000
711
80695
8292
64509
109399
40291
53945
102349
15467
89946
03251
89151
59386
105824
91566
15588
81971
112411
41712
27028
4489
121258
112578
68600
57336
115175
08975
9941
122971
77679
102520
6165
94476
4022
38794
114034
106055
76073
16107
74561
94548
99287
92967
107317
42668
78133
910
17893
06412
49435
116667
35180
018915
04723
107969
108088
109209
06900
71590
90333
86257
42077
38567
6550
107965
22092
105445
09303
33324
43532
09120
97346
114443
15904
63681
58647
21029
2693
02374
86271
106612
15011
113295
06311
75297
115734
016461
116649
63152
27138
120602
93354
71061
89603
]
Roles[
00105
00108
00178
00115
00102
0034
0054
00150
00122
00138
]
