Classes[
13577
61940
79764
22494
95802
83539
104555
125780
20581
1938
90281
26490
118413
73617
34043
12221
62938
40319
46094
41414
101364
5495
106826
3340
76372
76891
92851
105707
55368
27723
36585
12448
114555
32476
06582
16455
71409
48683
09801
97235
81508
58433
0174
44947
44937
108603
015371
120308
80597
79951
04287
65333
40263
58609
014409
63875
01877
1441
57644
104544
107481
47780
1336
24077
96450
65171
18187
114023
50133
75270
4895
56449
47821
95274
27619
85016
88121
83404
29716
05362
93895
05441
115871
88895
016678
113416
98517
117082
104815
122431
20091
89500
113034
52046
79197
012703
56620
54188
122399
87672
]
Roles[
00108
00171
00138
00126
0066
0072
00158
00173
00114
0042
]
