Classes[
75683
77646
40785
97583
95036
537
85432
66598
38037
101148
100222
90736
09503
84154
44201
56239
92323
82847
70636
84473
13855
39448
108885
03860
16726
90391
011691
96273
77070
121052
76779
53546
126252
9901
72051
91819
02808
115550
95384
106193
124156
2097
93591
106999
82164
49673
124427
71871
100124
23384
60162
74591
32400
59407
112730
07224
015175
60363
85114
41581
06805
715
27555
29750
96166
89382
55078
88351
38046
92725
6950
97718
10603
61274
15878
81958
101123
18694
109751
76496
0547
120220
5504
99063
28042
013398
53072
87216
61318
101405
96748
3753
29453
86328
109134
5288
106387
82226
015460
92687
]
Roles[
00156
0040
00178
00103
00124
0044
0050
00170
00116
0023
]
