Classes[
29754
06037
983
72062
4556
14516
015962
23142
37102
69050
6595
76791
015746
102785
23611
96492
88812
45189
43650
25054
74109
107235
90407
114507
98028
67519
58860
3105
1583
41395
2061
24038
94496
97078
73030
83410
22665
51884
015860
93017
25775
72818
44568
116729
75345
101025
85181
25667
117747
013510
62690
61591
112881
118614
60622
870
010972
98942
83748
26568
106377
04333
26797
91493
91704
120774
73798
99609
49889
05745
51908
73619
24907
92815
42451
3010
116591
99004
106784
88722
76483
36903
58193
95258
04681
56056
35534
8000
102673
014962
07411
8613
0779
36481
123165
50967
110362
80036
29210
96672
]
Roles[
00125
00174
0031
0035
0081
0066
0028
0082
0029
00101
]
