Classes[
49514
019184
53933
106420
56540
114780
13953
123965
44753
113319
80627
015097
01103
120115
60624
9649
015709
38992
79569
01907
07317
85617
70985
52633
08488
107553
13128
04526
05778
05359
81782
89418
37590
102979
80194
99495
20636
97792
98724
1081
44547
16661
21401
100839
40692
116632
99437
05093
76156
8333
100639
786
25966
29779
87368
35799
94163
86924
96096
62668
116370
100985
011357
70540
39235
33322
37731
56324
80856
104049
78806
29245
21545
50248
70997
110184
51025
03268
55648
44379
74633
41889
92507
16171
06632
11969
77713
02643
44274
20744
87668
15080
111388
107565
54587
82620
98102
106028
96431
121052
]
Roles[
0046
0053
00158
00160
0027
0032
00125
00103
00114
0054
]
