Classes[
76130
015249
1039
78521
03930
17744
117850
28053
57993
29954
98406
125686
61249
34629
12133
13701
81051
108743
124046
57446
23464
8108
010361
76139
93301
010474
22419
21514
29500
15080
87513
015950
34520
40022
67517
10622
103600
115347
118967
102901
07514
58570
34486
14848
59390
37854
80260
111903
6954
106624
122421
02219
88669
106363
24588
102562
104807
65636
75261
122041
102730
102650
8840
010412
60346
37989
016505
014474
44721
75118
62118
76155
07239
83480
16606
57419
96116
16208
75078
110253
010355
74157
106810
62906
125621
012466
117093
4612
26878
14291
58212
81679
736
102731
58210
640
117975
89889
27381
54252
]
Roles[
0047
0027
00135
00170
00153
0026
00167
0081
0031
00145
]
