Classes[
29373
66904
100161
118258
116410
02979
112751
4710
95694
02676
42713
82080
017682
019188
47957
91807
75519
04369
120796
50388
07596
88080
8803
65606
6121
2252
35533
015916
018527
20026
28259
27357
27080
86185
109531
50387
61890
78627
34641
014418
85645
72424
44056
35416
119100
90480
119426
78844
97992
71273
108957
012188
93935
49009
82539
110959
101398
100613
17463
122014
57999
42288
109886
35037
59884
91003
76717
117057
015436
53293
96618
66649
89875
24388
101057
28386
07254
63345
3733
02874
92582
88188
94130
07503
76811
7284
3921
76403
89612
016686
08087
19812
98599
121607
14299
108636
57397
07589
5499
63339
]
Roles[
00159
00126
0035
00167
00130
00168
00140
0051
00177
0038
]
