Classes[
278
92412
75115
29257
112679
106422
103454
82288
76374
05563
114996
18653
17732
104784
78595
09598
8613
75253
77253
7856
03472
119722
35839
05133
36051
39904
23634
3547
013193
87445
58579
94294
019225
101435
25629
04405
93157
116576
104986
111294
53968
102081
119136
23512
119065
122988
08574
12685
41779
9316
015966
22627
09445
53729
86075
86901
121871
39399
019193
60043
75471
12946
27639
68533
76743
121118
03155
28503
107042
20523
118160
26932
6278
01364
1319
38413
69290
02857
5318
72053
88182
86762
12861
012437
45149
65816
017880
102759
85882
104769
88296
103289
123507
61062
012560
9524
74283
04010
86500
015761
]
Roles[
00165
00138
00146
0032
00177
0031
0047
00174
0082
00167
]
