Classes[
88130
50931
21563
4517
86247
9976
016274
115429
35681
016487
98885
13205
23138
39621
014458
45578
012460
109006
123941
30147
107021
51573
8742
17758
08895
116428
107052
91901
26588
20854
019080
2257
43428
09390
2893
16209
25394
8429
105657
118826
06632
28382
0164
105203
44666
34833
23381
8525
105221
5632
103645
07928
9130
106218
106191
85848
12929
13659
37353
24959
108648
35239
016629
32454
4127
017745
4029
41516
97715
14452
42394
78804
52341
52105
125168
11781
4481
015673
113106
112368
60400
113011
64554
96032
52828
61823
82883
23652
42128
018303
77093
92531
3059
88183
38009
08532
32111
74504
017461
100724
]
Roles[
00165
00106
00159
0029
00153
00156
00138
00160
0081
00177
]
