Classes[
13741
18980
55571
018046
94616
16174
16763
016534
35211
88143
120651
83348
120804
122138
06239
59764
4894
65461
05552
84993
90430
80181
25124
4873
107545
86776
09946
39857
14371
23842
64058
24615
89611
1252
03555
25531
78321
02622
113755
02395
06125
60266
116671
92817
14782
02688
86932
85182
12830
93989
78700
17305
10875
117650
125735
50774
53324
10286
53978
77449
78705
14232
33279
2953
1383
85020
51757
53828
118207
013065
08345
6706
124586
112154
120660
06273
29153
81582
84069
120065
327
95675
22258
03784
65469
83866
13853
114434
27298
102196
15576
73148
61979
12923
014286
43743
92985
37906
26271
92092
]
Roles[
0045
0035
0041
00173
00133
0036
00137
00177
0082
0034
]
