Classes[
102104
016317
35649
74092
45052
109746
364
83518
12572
33884
88992
37299
71063
56045
20312
45563
33384
010595
8660
16040
107167
103479
68524
73564
016555
16943
59518
15793
4259
104663
110204
10247
9332
51524
112717
44322
101418
07326
115401
7786
115818
38804
016914
1395
100994
78097
65799
18022
107626
41580
38526
80813
24292
23753
57645
85789
120326
113613
37441
63483
87012
672
100536
07643
117173
33196
29924
23846
012350
124740
013938
8468
45537
49493
106104
120780
94352
2725
92672
43997
96954
57987
92185
102134
38432
79242
118816
6380
011828
33800
82231
124792
78356
104822
69320
86457
120343
015822
108900
12509
]
Roles[
00106
00170
00167
0045
0041
00125
00177
00133
0023
00115
]
