Classes[
014364
64668
5008
014953
07346
6865
25508
124305
22920
71904
98621
12616
015044
115948
43574
019135
18186
09073
50720
02165
45300
013873
12820
34286
39431
16776
55558
54609
17682
120432
78421
49917
58979
11697
47475
96431
39034
07331
70513
104637
104326
35083
90947
37172
15959
48309
015476
125357
4229
57115
3909
51304
013687
97164
84900
113113
66684
58608
100754
23651
07651
33601
19675
06893
5054
50832
018558
108266
24447
35411
18646
58605
34966
0682
06508
124813
119715
29867
10025
58630
98156
34145
89407
93408
86370
06205
65138
28422
18927
28182
116409
015359
108120
42476
09788
52899
84301
87294
36211
05751
]
Roles[
0089
00174
0088
00110
0032
00132
00115
00159
00177
00173
]
