Classes[
010889
59255
02175
123198
74431
10019
40426
39479
39280
61069
78023
41991
2407
108815
32972
60772
09835
90292
3701
104209
78053
55753
64304
58354
111532
116185
018940
34994
0585
16513
02487
96053
010541
108624
113851
32733
19928
78017
34215
118605
6020
03358
63859
32820
19262
96033
12128
37170
59433
103110
16354
08640
90850
58085
19786
25318
117735
87057
71930
10559
66792
13734
0821
7640
110110
83797
35691
64839
2139
5335
39809
39702
25823
26051
05933
94386
45965
017678
36922
100955
115850
40601
5034
85507
12645
104511
14929
71425
18188
9392
107831
87229
7341
118395
24263
38448
58309
78216
126250
65352
]
Roles[
0026
0044
00104
00153
0041
0028
0034
00102
0032
00167
]
