Classes[
28891
67523
39213
96864
100702
120917
01130
112488
58288
117768
59538
105145
100565
60051
58114
101776
9234
11372
43181
71785
40698
65176
90769
012254
75188
28227
92670
121057
63806
20783
55821
35932
116050
08137
100649
71363
28301
116918
44295
12278
015058
93679
94015
37894
122621
05882
97038
124463
123567
117338
011200
103250
2652
010925
12350
91193
53023
99004
16143
119537
116953
0606
34819
106929
116219
124942
64440
13129
98452
54290
109786
016418
47762
2446
17149
88111
02172
25112
36159
113110
98348
87512
74445
80555
8655
101512
84564
113200
97587
93284
42669
45929
64284
66661
69056
49591
116998
669
84535
14676
]
Roles[
00104
00170
0052
00176
0050
00155
00101
00125
00158
00173
]
