Classes[
9267
105191
80638
72005
010383
014963
22590
92299
36793
113014
010468
93360
114931
99062
82838
17270
91723
4215
95227
04408
95695
90811
2584
19520
59802
018002
112757
71631
06338
119556
42459
48918
06417
51365
018266
016716
101229
58699
57221
64334
76367
24430
07119
122879
05786
20240
56798
126122
107691
89793
9284
95188
04556
99448
126178
88093
37044
120313
05012
3812
51378
74733
119085
116784
94286
014719
101787
76990
4252
20112
110911
100066
65144
63928
105798
42954
114869
018964
18903
47598
50776
112337
014303
52941
100554
77055
22026
76071
104493
15375
123670
80113
12146
54793
8670
33226
14800
10482
5968
05254
]
Roles[
0031
0048
00139
00158
0042
00155
00103
0072
0038
0028
]
