Classes[
8806
53141
112934
49467
49953
17638
3992
04888
122524
75951
120424
59190
3414
124941
89218
24920
37432
8121
1754
012438
55908
4687
86201
120477
112461
65177
26378
5731
88837
41100
111880
27288
42079
49207
14364
017174
70474
106757
5887
42131
19543
100748
124480
114422
63997
32976
1284
018084
3646
90018
13371
8765
38445
18494
106537
52972
48237
08080
63064
48381
04786
59003
122800
125438
93907
21613
123986
85876
53065
012803
06897
9200
014561
52769
119614
55554
019147
61599
101874
13772
88276
8607
50929
119326
77569
63313
47755
53812
98925
50377
56355
10532
105441
9250
16196
04817
104076
103467
66244
39765
]
Roles[
0032
0037
0052
00105
00106
00123
00168
00124
00137
0045
]
