Classes[
119665
83373
17342
68693
117921
5265
017198
42553
84069
35744
50790
45485
37084
56239
53732
52736
21043
017792
72011
73141
123981
07119
016036
59975
1722
84171
92259
98842
17257
97321
22941
9101
27245
63069
59102
39859
126021
93041
113198
014260
90510
80579
014626
2499
51877
115450
66085
85520
01383
012721
018742
60978
08498
91846
58260
14642
45204
37236
95540
54270
82187
62757
010878
37774
56048
3921
86641
125549
120595
2725
81100
50526
118427
79358
22232
124620
09008
46028
15456
34504
79580
13431
16432
27513
25608
15779
45560
25089
10198
5116
66331
52091
36859
010328
110685
35808
89694
44488
53910
01553
]
Roles[
00110
00155
0045
00138
00132
00163
00178
00150
0031
00130
]
