Classes[
06748
018769
79453
52070
20189
12921
39631
16758
39328
82523
123527
34166
83628
33186
75853
98584
52111
106366
120544
015788
82340
011217
21615
81798
2223
2377
63223
27372
119080
3371
34727
19996
75793
68465
64133
8394
014166
92755
29786
112719
013799
101209
010395
010503
07891
106179
103356
98972
71833
016789
01763
102182
7352
011537
41645
51105
012407
12198
102098
19693
015801
017976
7287
93113
54826
07375
07323
42014
119582
61838
011500
23710
88922
01027
109232
126056
124595
86738
14412
018109
7730
92089
106362
72506
19410
59783
81932
81102
125923
49990
71320
71456
110576
61665
50158
120032
013730
44386
04815
50336
]
Roles[
00107
00122
00116
00132
00176
00145
00140
00105
0036
0025
]
