Classes[
61547
7690
121570
42243
81531
475
33416
125923
78591
12273
95913
1803
105795
71371
75122
115447
52228
116884
8937
115567
86376
59974
54966
123233
10790
111434
104601
02387
118239
44962
119081
010401
56705
58779
50112
01647
88859
09010
93775
011819
117092
103738
76445
8276
119622
03586
118692
116548
25103
103751
112721
7699
76820
63271
33353
69061
41451
12922
85430
11179
53125
4865
114356
15653
123696
121218
05399
90413
85492
119864
85796
48586
121099
91141
50778
48778
18769
53740
50394
75056
55347
117779
4967
59155
45857
03630
77627
106276
68817
6925
100566
4975
14455
12383
35217
45797
81383
94011
05638
38501
]
Roles[
00125
0041
0049
0035
00177
0044
00175
00172
00179
00178
]
