Classes[
120560
017302
108571
118928
104254
125303
80481
35741
120852
35617
27429
96209
38782
119871
120946
019058
59043
12376
51851
07849
40973
54326
29053
55264
54163
34134
118644
80215
104794
13170
84644
122351
68424
011141
32879
48535
49690
35424
85898
017986
05495
1172
54855
50562
91509
51713
92904
122430
10576
125815
98855
81251
39022
81842
39042
119133
90249
19457
10014
22731
012595
10099
015751
20282
38545
47867
97667
104376
123234
28928
64729
58938
0964
102583
34654
81493
012586
16490
20715
20992
101282
29400
120029
115102
40426
110026
110690
99086
66795
18974
92640
89811
50578
22173
57508
16856
112830
80207
84224
41777
]
Roles[
0026
0037
0023
0048
00145
00132
0042
00173
00137
00135
]
