Classes[
05877
27326
91447
122024
61022
2499
18263
3552
115282
42906
126287
03859
92244
125640
32252
111679
41177
1983
61324
016011
97797
65703
39940
731
103764
13645
54358
89924
016118
112763
29858
01634
19876
87370
76496
28619
42300
91746
42273
126257
011397
23918
81879
96654
107400
87217
41989
99898
010927
104480
8397
33628
85149
51485
76813
19619
33052
103665
8160
110357
99973
41598
3626
65226
9564
64829
49463
8939
44770
09433
03287
37671
110365
93091
53095
11125
03499
49789
41881
119375
75036
1870
40149
53550
27364
23477
106521
102363
52427
21507
108582
80418
93223
16557
35389
57866
06183
57121
99731
45669
]
Roles[
0026
0030
00130
0050
0038
00160
00141
00126
0044
00177
]
