Classes[
53726
71062
63107
010819
0232
01874
59083
95462
82771
118743
98530
56257
32166
113486
103355
104618
110211
15089
56839
89605
25694
018436
118523
08606
56066
125668
73309
017734
63155
08637
58106
68416
83722
09138
77982
20437
88385
58176
016646
110869
38630
05994
60074
53628
107657
01193
45574
36543
620
93229
24320
84166
89080
74660
012639
73690
011364
114814
67090
104744
85014
27685
76634
91469
22648
015175
3996
1267
86846
48832
65096
112743
5678
103274
92986
56538
016311
44211
65973
59408
58590
71198
76557
107455
878
92137
38799
11524
89709
03840
121999
123498
71076
64741
21812
91239
122078
32419
47735
2402
]
Roles[
00150
0024
00132
00166
00114
00102
0041
00104
0023
00133
]
