Classes[
07402
02786
62721
38805
121042
75642
33921
51076
77939
69159
39888
91454
6607
111102
101267
72295
5900
45340
18811
93851
36901
04235
0247
83584
16643
84417
104163
2363
21741
83146
09579
84781
010896
77993
61812
88311
017294
017483
22960
97367
122689
14794
6138
27657
115791
017415
92528
68378
67247
93839
29405
21301
58414
69051
60520
98838
60649
102175
74928
94674
1330
13839
105371
123710
89568
75832
80353
105914
36182
88439
89293
62888
68392
28852
21154
16303
125328
120895
125781
49323
113838
85278
6694
02719
20667
10843
09462
04169
0999
75864
72587
110841
14531
116304
80623
97787
27439
80248
73061
57914
]
Roles[
0045
00160
0046
00165
00167
00155
00174
00108
00112
0049
]
