Classes[
0558
87812
90708
01640
27561
52592
90985
29895
45388
14554
69429
20185
95036
27971
11160
017381
47515
36285
43892
41129
98310
43709
012620
1724
48236
92448
71531
104041
90469
34605
91336
77314
15769
102998
6453
124854
94484
44277
102388
97160
77584
97139
66864
59747
58322
89509
88661
37963
42874
7317
09031
28019
21261
17882
122895
41737
015059
8760
119583
72794
3782
85093
9473
74546
65111
32082
97171
101417
97391
42966
22907
107232
88659
112883
96417
89358
34463
117044
110448
12274
113233
4118
19687
017592
35640
019091
43882
102624
92261
56344
87636
104738
73160
37194
113436
14583
61358
07154
014367
98604
]
Roles[
0045
00145
00165
00130
00106
00166
00142
0053
00153
0054
]
