Classes[
40578
22198
29168
03039
70812
106054
06925
99538
20322
2985
59341
80656
04003
5983
111072
105580
53287
78466
011442
29395
98657
54742
03036
60622
75755
39951
71161
02399
103105
27074
32172
84786
22668
122179
016948
13939
114329
116831
58800
108852
77849
05734
90302
125310
20021
7215
60403
01034
56640
70507
84461
66129
102604
117008
37611
52020
122311
56508
01753
07940
80827
106045
81853
85452
117975
49243
62785
43754
58209
19582
99521
09692
105586
100398
55787
74001
2815
22230
77846
88334
121338
20410
7144
78282
51052
50356
20531
28144
56978
03291
103149
34171
08992
26238
102282
72238
19612
012264
76775
80694
]
Roles[
00168
00138
0066
0051
00150
00102
0054
00112
00172
00114
]
