Classes[
107117
56731
54451
018740
117231
13399
37692
113625
122426
121554
122458
2568
05597
113366
100224
32986
018799
76914
26638
122918
44228
57762
010051
85066
66588
87619
75974
06649
9556
12340
018079
015830
90553
22354
125731
105482
59097
113635
20839
63421
55650
50602
13819
16857
44907
58725
123687
17010
120962
50895
125025
49385
013331
89705
111398
010062
68869
75033
57119
106802
63818
03996
3046
64705
013665
72722
106939
70528
74972
52693
57840
04830
61315
116397
64372
111940
9772
52608
101968
117301
04460
89854
4390
61125
60432
65128
17989
05214
23113
20818
55741
83937
15547
60726
09978
100025
14159
28915
32288
29796
]
Roles[
00141
00133
0042
0052
0072
00116
00113
00153
0027
0044
]
