Classes[
121838
22279
018865
77548
2009
100829
42026
51668
55114
32550
6196
90791
43681
90058
102837
124047
11151
97056
011813
42096
18003
09420
79865
77875
74486
50592
48813
108585
65525
014722
74258
50240
19341
87330
35086
103036
77842
2044
77699
01702
56343
116258
43269
17151
6993
2508
124279
38842
8761
01685
534
99541
15372
30159
65724
59331
121977
123718
96545
91448
98014
77753
78607
80746
90038
122592
67033
33228
9295
2493
90485
03134
88377
82608
110680
08005
56670
80376
14584
34741
23143
54685
115354
93856
117863
06834
57893
111472
1554
49748
121563
125104
3763
125158
213
39758
02648
2216
018717
123319
]
Roles[
0025
0035
00123
00139
00107
00132
0042
00169
0066
0041
]
