Classes[
7853
012158
41437
77463
39638
012974
04251
80162
87959
018670
109902
28059
78613
50700
20068
70994
119491
75194
27703
99931
57519
116602
112757
74732
32836
03469
10308
71735
109475
39087
126256
4075
9744
39707
126311
56534
015142
22636
72558
01998
07492
110642
93467
20264
90022
20538
111702
73454
83773
109846
20942
106154
93513
95988
37377
37151
09913
34169
42795
45867
48353
5414
123068
62667
18532
89961
011178
018965
88859
99164
93364
08706
58281
82759
43692
015936
010199
38551
42941
21142
126155
4308
109673
18385
97899
79114
51075
123050
61520
89161
123873
32735
016352
18797
45445
3506
81619
18796
59916
17253
]
Roles[
0054
00160
0051
00174
00112
00150
00108
00135
00179
0029
]
