Classes[
105719004
223997004
10325006
264083000
05575
0164353
0100311
098091
182958006
034318
0141061
0138556
041555
0170151
438442007
702250001
464208003
081599
0169402
296057003
15028002
163068001
035004
068131
040845
089825
243964006
132016006
366489006
0159022
700677009
018739
131899004
0168687
0142518
163779000
069965
420834008
261767005
353802002
272973003
32830001
044126
038717
702372001
09686
465280001
369240002
444060007
365111001
]
Roles[
272741003
363589002
246093002
246090004
408732007
127489000
411116001
363700003
116686009
405813007
]
