Classes[
0123057
410365006
0170686
067196
248260009
031961
116036004
700089005
073203
409237005
062769
374349002
251636002
188315007
08889
267055007
0121408
94181007
315083005
92552003
05707
065422
0135846
94870006
120783000
28361003
042098
57681006
0131079
0104607
371761006
306429004
254819008
207728001
408107001
182209000
709064009
300438007
701709006
68839004
432908002
312324004
0109739
253235003
391261003
0142743
053296
0115094
373994007
180701008
]
Roles[
363704007
405815000
42752001
363698007
118168003
363713009
370131001
246513007
118169006
363709002
]
