Classes[
0154090
472733001
026528
113044007
232154007
098334
062091
94750009
090104
403109000
0124631
32361000
83678007
50170006
080131
055434
0137773
0137825
277284009
13567002
267880006
01309
428716001
434407004
422805009
72007001
0132339
72976008
361248006
08288
5977008
0162061
699163004
069190
102700004
58736002
224666007
23054008
223775009
308366002
0109447
265553009
050438
112114003
704617006
1727009
0149444
63205005
67025002
255485007
]
Roles[
424361007
370132008
255234002
363589002
370130000
405816004
370131001
127489000
363698007
47429007
]
