Classes[
083589
130780008
037084
0153082
121269009
04479
26479009
404283001
039498
232528006
468023008
056571
311609004
118539007
242518000
0150981
080364
416816003
65326006
120139004
255898006
0126887
0166881
225000007
091631
054730
03026
412048001
397948002
213134006
040754
0133446
89009009
061265
414898000
033754
089043
122458006
054117
386673006
81647003
037409
96002002
04561
21102006
0155916
392148007
016180
084023
078471
]
Roles[
408731000
118171006
246090004
411116001
246454002
363589002
363714003
424876005
410675002
255234002
]
