Classes[
0150982
0108432
46150001
0156063
89584006
0108540
397844004
0144483
088877
250769004
276149009
0157119
66751000
268554002
469294006
40820003
291303001
406084004
299671008
036151
354737001
081962
051631
434830003
419122008
0134936
0153748
45718005
710457001
439403003
274227007
0117559
052245
015393
296403001
125532000
418855005
0166778
21812002
286708006
424026007
252710000
0111993
010379
223492001
018210
409171006
239407004
81217006
715108009
]
Roles[
363702006
363714003
118168003
363704007
408729009
246093002
246513007
363709002
127489000
370133003
]
