Classes[
360839000
0174243
1274001
097167
347480005
44465007
221695002
298251000
130289005
246738004
87774002
021383
253623006
308222002
698542000
046132
444511005
048536
196521001
409328008
241066004
8621008
0121317
106724005
274471009
160445003
0104607
368672003
89261000
225950003
107373007
208491004
700932009
251377007
0129683
106160007
399947002
047267
071466
5591000146106
102570003
53676003
392034005
447224000
091959
425137001
699274002
056304
21652003
14561009
]
Roles[
424226004
260686004
363700003
246513007
424876005
246075003
419066007
411116001
425391005
418775008
]
