Classes[
305097009
131577001
39675004
0149045
0125340
253421002
369417004
429387009
0168458
441190003
247184007
017339
433612002
0128609
026109
021908
303072008
416578004
111649009
121327007
087020
33425002
194112008
0126548
391475007
217945009
171343002
060904
368158008
226217002
700337008
60524008
371062005
0171292
194992008
0165000
26301007
444563003
125395004
0174669
029410
044854
34206005
258544003
1935004
710968008
46957004
55985003
432267004
050260
]
Roles[
260870009
246454002
408732007
263502005
609096000
405814001
419066007
424226004
118168003
370129005
]
