Classes[
056872
160877008
023395
91235000
0129683
707396004
609238007
01774
169580009
078803
251934002
032895
097752
231224006
094891
462685005
67967009
407349001
160690003
7221002
78673007
069705
89137004
28385006
299123009
045217
073339
0152470
0118213
85227008
250601008
033534
232546000
113799009
236932009
320445000
59557004
181687007
068774
054219
196301001
015033
234594002
0136344
289523000
121713004
445172009
466686008
090360
236862004
]
Roles[
246454002
405813007
363699004
609096000
363714003
116686009
246075003
116676008
418775008
118169006
]
