Classes[
211220005
114092001
0105853
197744007
433418005
172659005
097043
407225002
417422007
406341006
450650000
445627002
046463
064597
0169516
011542
53945006
081041
713725004
443082005
361801000
0125535
429611006
417325005
303368003
403409009
304876001
0132143
465089005
88675008
160452001
04100
2040007
90879003
038954
444400000
290801002
070564
052699
081273
62768004
431441008
075524
235467006
304428005
39820009
4729008
115723003
415709002
365859003
]
Roles[
408732007
255234002
418775008
363709002
419066007
363705008
405813007
116686009
405814001
408730004
]
