Classes[
1278003
225215004
349893001
085674
363040003
243463006
0111527
233131009
63935007
134812008
244082002
0157898
216522002
211563009
105751000009104
107645002
0103314
306577001
20064000
55973006
420323001
272767008
277092008
0114803
388206001
309927009
409877007
356811008
294373001
714188000
0131295
0153882
046577
080150
050016
372515005
292279003
417814009
0114964
239092005
57232001
236028000
701383008
014790
047698
174546005
181401001
38013005
078124
216338009
]
Roles[
255234002
363714003
260870009
363702006
363703001
363699004
370135005
370133003
418775008
118169006
]
