Classes[
81991000
439565005
443249000
035897
0141075
284557005
290252008
0174697
251752008
0127855
93524003
392189005
45808009
714095007
026403
290346009
279888008
010710
268377001
080044
405554005
366043005
61025005
300507009
0131946
107575004
248138004
420713008
242341007
411479005
095868
422522004
103510000
445636003
374228001
0105960
0164808
188881001
287458009
33015000
66633009
92510008
311575003
414048000
283721009
54345007
110644009
709469005
4360006
415424007
]
Roles[
425391005
424876005
246513007
363714003
260870009
405813007
410675002
263502005
370132008
363589002
]
