Classes[
360446000
243236007
27869007
425466009
0164979
0900
189288009
0166730
279394006
0147256
94567000
442469001
397572000
072358
403592009
112684005
385548008
265466007
083466
182140004
08268
133081000119107
012632
210697002
0130982
81123006
66842004
303403006
113960009
54249004
052858
392454002
07252
19988008
053316
0162064
019321
301830001
42597008
387398009
55579004
229427005
701823002
08452
92628002
419883004
020010
0172596
279803002
291513005
]
Roles[
118169006
42752001
363705008
116676008
408730004
363714003
246075003
363701004
118168003
370135005
]
