Classes[
51684008
420630001
083162
275962001
231125003
427799006
414268003
0124466
458071005
35476001
35781006
223407001
043207
23212000
402311006
231011002
172386004
13798002
165056008
248694000
301355003
025938
0154423
76018003
2957008
269964006
111791000
161992004
05607
200207009
61428000
0114615
321591001
0137125
71412006
703468005
108447000
0171674
313705006
0104492
0106286
083790
014091
0100814
709345005
43205001
05857
078645
011876
019580
]
Roles[
410675002
263502005
42752001
363703001
246513007
408732007
118169006
408729009
116676008
370131001
]
