Classes[
61616003
126853008
016459
0152006
0163607
946006
27109008
704543000
164387006
254848002
058598
074941
317556004
095735
0104128
034954
088998
297718006
0125750
5313005
117802004
392621005
315066001
0167203
445338005
0129797
123820005
273703003
109541000119101
301893002
278699003
091567
0124902
289951003
371319003
322891009
110628000
210850001
23549005
168451009
229030009
466811005
038906
700618005
229353001
9541000119105
376811007
0121492
088933
032504
]
Roles[
411116001
363700003
370133003
363702006
408730004
42752001
370135005
118169006
118171006
127489000
]
