Classes[
066268
442850001
030336
090220
419382002
368226009
0124092
63551005
129857008
0113386
82965004
49440008
065882
432301003
0116074
430998001
0105712
247005
385888009
015735
397246008
0137179
024438
405996001
118644005
8108002
409086003
033869
256913008
38065007
292714004
302459006
0136799
010344
283275004
438294006
199266007
016340
288507007
059979
03909
0162729
0171180
0155738
0117394
41141002
10629191000119100
0174615
466227007
304197003
]
Roles[
370132008
127489000
370130000
363709002
363703001
408731000
425391005
424876005
363704007
363699004
]
