Classes[
402402005
0127508
057039
264045001
164092003
163361001
37519000
0156430
73775008
68392002
240470005
17988003
048432
404187006
428052005
90630009
274764000
104032006
286796003
238300006
238460009
83090005
025856
465398000
102398004
103192001
364219001
293814002
111920004
0130071
82554004
200434005
424883003
0164702
262491002
9445006
0161554
470249005
32210007
0101884
312707007
315260001
440474004
47707009
116220005
403233000
45196003
0117884
271826006
330587006
]
Roles[
405814001
246454002
424361007
363705008
118168003
370135005
419066007
116686009
255234002
363709002
]
