Classes[
251608007
63417009
0153003
0128717
078173
053125
293069003
33338009
79980004
439476007
0160653
012866
278632009
424191009
0117791
25308007
0121611
315614006
698761003
071908
203584002
028288
0133386
92580001
301413006
07123
04046
024992
215176001
288957008
85253000
74601003
45465003
21290002
027641
045523
046493
087403
182886004
470238004
16670003
401144009
099759
103825006
439847000
09166
015162
038218
449765005
249028004
]
Roles[
408730004
424361007
260686004
246454002
405813007
246075003
609096000
246093002
255234002
363713009
]
