Classes[
0168130
0154231
0148493
078122
065481
238432007
372494005
0113788
0101747
714075001
025452
056017
030365
243054000
091865
066230
04120
0145998
113891004
098034
705728008
0114158
424821003
388193005
1092611000119100
105792007
110087006
111008005
03407
058926
180126006
472901003
285868006
036135
087354
54321008
017704
2605005
371376001
0120343
0131345
082341
282485009
4743003
166431002
062307
02618
256905007
123927007
77882001
]
Roles[
424244007
116676008
272741003
408731000
370133003
363703001
408732007
118171006
246090004
260686004
]
