Classes[
714412003
276728004
129073001
0169432
424094003
244208007
0106920
443408003
312404004
37281006
410422009
29359004
0136963
012698
69652002
018947
061631
038829
299232002
415436001
286221003
255640000
074956
0123698
126957005
700581001
086819
49417009
0109307
115553008
0136719
0158596
34556004
397213002
54084005
224032004
086970
11607000
076878
048772
065230
420978003
0117812
208344005
278398002
027899
441495001
244490007
080109
33340004
]
Roles[
405813007
370133003
419066007
370130000
246513007
370129005
246075003
246093002
255234002
405814001
]
