Classes[
420827006
286720003
038840
0136215
465924001
420150003
168381002
108455007
56267009
430955000
116735005
24479006
109705008
054038
439477003
415674000
077104
301549009
248352005
0158402
060254
223922000
0117279
216209009
446860008
262409007
424617008
703316004
0106621
85428001
444818007
0124425
60841002
020926
20462008
117261000
020367
49401003
0142666
0116551
212295006
052996
0159757
464646002
714057002
112491001
0117479
44963006
0156128
296485005
]
Roles[
116676008
255234002
363704007
370132008
405814001
263502005
118168003
363710007
609096000
425391005
]
