Classes[
305882007
161993009
49071005
74601000119101
424188009
298675009
297176007
281059001
208613008
83563007
403171003
01354
081657
234857003
255738000
0166521
210952008
08315
245039008
099697
69042002
263356002
0153699
609369008
293621000
69763009
073695
183396009
51254007
373006004
230265002
041888
811004
178107009
0115916
0166197
123591006
239892009
432861006
238000002
56843006
261405004
065556
292338002
114694004
307087004
171301009
0104002
04171
111047007
]
Roles[
424876005
363710007
260507000
424244007
424226004
246513007
408730004
405814001
405815000
408731000
]
