Classes[
0116330
443962008
0169413
0118755
299130003
420130002
230050005
0120132
0115813
0110345
373886001
247257000
164301009
51092000
412075008
6881002
048418
088490
41705009
73927005
704824009
63756002
185786004
121634002
244711009
39417006
159148002
056681
0103479
448169003
418592002
415627009
013541
097785
441555000
0101453
16216531000119102
084853
407839009
020299
0125510
240451000
179010008
102369003
09399
708601007
0127339
160271002
069411
22298006
]
Roles[
118169006
408729009
424361007
363710007
263502005
370135005
424226004
116676008
411116001
363589002
]
