Classes[
165396004
445241004
19079002
0153673
96326006
045577
117043000
05355
114010008
242459009
091136
303273007
181151001
180680004
43695003
0118158
085177
076827
030496
46046006
025357
0110205
277107005
298404000
82840002
417497008
296570001
82286005
426328003
050385
440019009
254236007
033697
012645
446784007
024419
0158183
0126262
462539003
76507007
047240
54863001
053748
285080002
400066006
374192000
306676000
295055000
261321008
394895009
]
Roles[
42752001
370135005
363698007
363709002
370130000
116686009
127489000
118169006
246093002
246090004
]
