Classes[
187041005
207690005
174035000
166560009
103880004
258494000
40511003
18534003
020290
0121787
19929002
366596006
88037009
010022
065970
298814000
464138002
0142708
076018
079380
414834001
94440009
163823008
281735001
28712003
14418008
0173773
03091
313864004
706350000
062295
020572
445052001
0129381
071725
057140
206025003
033428
408669002
708405007
085868
039870
122122006
396864004
187040006
05205
112711003
051271
71701000119105
165528007
]
Roles[
425391005
116676008
411116001
118171006
246075003
272741003
255234002
260870009
418775008
363714003
]
