Classes[
0113478
129456006
330368001
073045
371486001
265548004
309071005
227610000
701751004
707323002
81976002
166861004
0330
306376009
60211009
280734009
059435
30610008
055283
127429002
0133380
216386002
166815004
044488
0111296
288966007
192562009
0113276
0135091
030078
22344009
112801002
046180
0132049
0118625
258613004
92795001
426914002
226810007
41989007
0128563
125294002
89809008
160135006
465848006
097758
291065004
283646002
168688000
36816009
]
Roles[
424876005
246090004
260507000
408730004
255234002
363698007
246075003
405815000
425391005
410675002
]
