Classes[
71611009
64892000
421749000
179120001
044046
712838009
700438002
0116746
024347
24272004
118620008
023544
14906008
0154107
0129352
068588
082209
48414007
361902008
181881006
029325
371020003
322173001
299882003
073844
3931001
19968009
086440
125862001
253708008
709256008
0111038
370038005
89274006
0126855
429990006
447515005
0159093
45987002
468796003
75911001
0120213
430643008
065149
55144007
356581009
431083008
460957002
093945
360229001
]
Roles[
405813007
419066007
272741003
609096000
411116001
246093002
42752001
370130000
363700003
246513007
]
