Classes[
0173775
387703006
412909003
59012002
080779
223874003
185294007
366696000
314243001
145751000119104
90012003
240158004
69909000
395058002
305589008
0136800
438747002
6575000
78623009
0139564
0124223
079951
0151529
403282000
271421005
201783000
195111005
0165393
444673007
365730009
307211004
284738003
392016006
361959008
234232002
374526003
119669002
363192009
91958007
87725003
328705009
713896002
239147000
029502
397392008
105801000
90855000
112294006
376176008
0149941
]
Roles[
246090004
363699004
42752001
370132008
424361007
408729009
410675002
363709002
370133003
118168003
]
