Classes[
0101692
305965006
284011000
18022000
121126007
0144822
249349008
0117623
344941004
027401
122315006
032551
95560005
0159055
262139008
385071001
81894009
424969001
079763
448220006
247513000
116021002
031574
062361
091160
0151732
0108101
20428008
125307001
038891
175144005
0158818
04260
210469001
701696002
075068
447577006
0164759
212061003
255581000119100
6697005
421714007
174346006
38737004
089194
359663003
0142235
51304003
375900006
385646003
]
Roles[
363703001
370132008
363705008
370130000
408729009
118171006
424876005
116686009
370135005
425391005
]
