Classes[
426756005
05209
0110360
311859005
411172007
0105249
048357
268005002
434770002
161574003
0155926
163452000
256382004
17647001
429904005
40573007
608861006
245646003
295770008
709884009
66902005
0146343
396756002
054113
397840008
401030001
034044
74763008
255498003
296520004
086510
330825007
425962002
241405008
7097001
0126218
108385001
196502009
059703
403492006
313513005
063344
088211
019
0144987
0152828
388006006
0144378
054718
322503009
]
Roles[
246513007
370131001
118171006
408729009
363698007
370133003
127489000
260686004
246075003
118170007
]
