Classes[
062566
0146298
21048004
37344009
095123
0116949
59736005
419775003
129351000
066722
259094000
90063003
427732000
168744004
1461000119109
224632003
438427009
0169104
237039009
258874003
85967004
701045000
708833001
710002009
227209000
249959000
230124009
058040
68559009
072607
48079002
9843006
277508009
228677009
713148004
371328002
0112294
0112445
449238002
7664003
19391002
076838
05904
0111309
439135009
282296004
403407006
0157980
414227007
273849003
]
Roles[
363714003
370133003
411116001
405815000
419066007
370129005
363702006
363705008
246454002
609096000
]
