Classes[
361451002
010209
15779002
048389
096364
8466006
26716007
305301009
312503008
228519008
426361005
362854004
426895001
062480
35566002
0117052
0159130
312210001
216994004
30492008
055075
708581002
391452000
80063000
061600
131449008
24896001
059666
126710000
37528004
366318009
036772
016454
399559008
397726002
038191
030376
111209006
466224000
1082009
092905
215316000
165140000
74961000119106
699207005
103072005
448498005
30135001
0134081
73312000
]
Roles[
246093002
127489000
418775008
408730004
424876005
42752001
424361007
370129005
363701004
425391005
]
