Classes[
5238002
290208000
394825000
405438009
713888007
0103822
90118002
445255007
173252004
0137231
439709003
196339009
044804
56282004
023595
333182006
0169712
0136118
88124009
185346005
449514000
240213002
422591002
059265
082946
437897007
9753004
012124
701364001
034934
217946005
368744002
49810002
64707006
108971003
036866
259016002
441148009
086451
050832
073670
0153941
084512
7206008
73667009
707005004
5250008
392075003
058190
298639007
]
Roles[
408732007
118171006
419066007
410675002
260870009
363589002
272741003
424361007
424226004
408729009
]
