Classes[
0135005
108585000
0109269
021252
19156001
279630005
431155008
398737003
098482
277947004
067571
449234000
0107426
79978005
78211006
039111
0151673
039737
444168002
0142369
448996004
081451
712847001
033470
337199008
047480
122583009
88399001
051151
424759000
076416
110236000
299427000
80914001
708999004
399442001
90200009
411245006
62257000
060571
093710
43253002
240023003
442782008
417817002
699542005
0132749
238544008
449607007
032142
]
Roles[
363714003
363700003
408732007
411116001
405813007
410675002
272741003
363702006
246513007
370131001
]
