Classes[
071003
470110003
06654
360275009
240766003
365109005
469981000
279843007
706307005
0113282
0113833
434398001
427813004
026038
0172739
397737001
0122993
230686005
25610001
93391003
40114001
053584
242855008
070301
263257008
309230008
233887004
0123365
397612001
250923009
0106792
449510009
29010007
010370
0159571
71677004
085934
0109903
045270
126526001
033415
081376
0114910
081317
261168007
205817005
185529006
212173001
440752006
19982009
]
Roles[
405815000
127489000
370131001
609096000
260507000
370133003
363699004
118170007
246090004
370129005
]
