Classes[
44867008
22585003
273503001
249903005
697899000
57332004
67098008
300688006
041092
106671007
111511003
27356002
0133455
449642006
464798006
099050
0169110
089748
243603004
054593
25464006
375182000
443292005
447919008
083220
369808009
296991002
027393
447759004
0126055
06103
404450005
241712003
60358004
278731009
082730
242215003
01189
425165004
228162002
180071000
413483001
186420000
0160897
183780008
0158195
181927007
28467003
121602006
0104940
]
Roles[
411116001
260870009
116676008
370132008
363701004
363714003
363699004
363705008
246513007
127489000
]
