Classes[
07821
022968
53020005
47267007
223781001
0144737
0100260
091452
019581
280713002
0167456
227768007
183995001
016768
0167667
186738001
466511001
0150398
0167294
284653000
48020001
0143075
446552003
263885002
063481
09461
0109452
364240000
43337002
53212003
0119566
255442003
116254006
303288002
61068006
280512009
0156528
0130039
0151729
16614002
298364001
264445009
438118000
0169996
699785004
253582009
15718004
282769003
0143145
37838004
]
Roles[
363709002
408730004
363701004
370133003
419066007
370131001
411116001
408732007
370135005
418775008
]
