Classes[
73284007
058098
169471006
095159
0140177
235123001
263340007
110184001
0151790
160920006
388489009
0115654
365937004
417243006
387124009
54276004
0127748
122087000
304937001
252121001
175908001
418276008
246582006
14240001
0164164
228662001
21197006
707131004
2812003
231031003
04170
410150002
42639000
9438006
0145281
016951
090555
65694005
81067006
079466
031678
0157319
244725005
400820002
302848008
71788004
57337005
078511
086123
90383006
]
Roles[
118170007
246513007
370131001
419066007
47429007
116686009
405813007
411116001
363710007
370129005
]
