Classes[
64284003
241921006
400219004
229649007
03435
0103678
0161207
429556006
323535003
245123004
104310006
290182008
285314009
38314008
2334006
303163003
0139200
047336
264453001
708530007
0152723
443344007
237660002
297507008
465179008
16085005
385702002
408165007
132007007
66309005
713196004
209464005
028607
294999003
042580
095867
439844007
074827
377346000
307654002
281839004
0152552
071941
214595006
704727005
054254
0150782
132554004
019274
427772009
]
Roles[
370129005
424876005
425391005
246093002
363704007
246513007
405816004
408730004
260507000
260870009
]
