Classes[
200311000
019052
0114643
467728007
384802003
02046
57728008
0154258
05496
0624
80209007
096392
289712001
0120650
0152755
0117509
446003
0128977
917004
14819006
92483002
408881000
193198003
239036005
301097002
039713
405220008
369884008
0158852
2214008
4519003
086196
0155348
322815004
039963
89863006
050799
1428003
67895005
29307005
071008
124122005
109057004
438426000
326946003
235448007
077900
45093008
297882008
293440000
]
Roles[
116676008
260870009
408730004
246090004
260686004
424226004
410675002
255234002
246454002
408732007
]
