Classes[
465163007
49078004
438292005
228468006
25088000
285591004
014317
78958008
446996006
056495
016998
299962001
420625000
035046
186414001
073547
229997006
65191000119108
0148024
207693007
0157409
31842008
710024009
0141016
0147952
041381
274412005
119979003
262928009
055990
067297
90082007
42204005
360445001
402511007
46743008
0139079
023207
052871
0149297
277594003
245492007
181082000
0169041
0128705
307236005
296511008
259364001
0124660
31895006
]
Roles[
118168003
405815000
418775008
408730004
246075003
246093002
246090004
246454002
363699004
263502005
]
