Classes[
174173004
19182005
102594003
017538
251340004
035508
076619
376201009
187724003
119277005
0118729
243199006
244143001
0171275
373276005
048886
249647002
097884
431125001
0101186
415531008
17659002
084406
368899004
464780007
7245003
031497
0140392
469884007
133681002
128625004
276027000
432386005
30742008
253080005
245909000
0122973
250972002
077379
083645
12287009
122702004
705557005
8872002
363074004
0160085
170742000
363848009
0104134
92885004
]
Roles[
410675002
370135005
408729009
118171006
118168003
260870009
246075003
363589002
363701004
408730004
]
