Classes[
057143
058856
50388005
053822
85052001
398620001
271548009
290255005
0491
014941
064719
703167007
438371007
86261004
10401002
206059004
0123486
068534
225971008
0736
421330002
14132003
701857005
204311009
35681000
702662006
51510002
363207004
462968006
127304009
06196
0121325
64684007
0158502
0145136
18410006
260972000
061625
036107
217423004
0131900
0114566
054645
19591001
046554
177005001
275408006
0134847
387496009
45399004
]
Roles[
116686009
370131001
118168003
363703001
118171006
263502005
246090004
363705008
260686004
363702006
]
