Classes[
470317008
115237006
179783005
344994008
417576009
22416009
0120545
397185006
099843
450313008
301652007
190913009
226803001
0137990
074034
270908003
0171380
59133009
107073001
153831000119100
276253002
13881006
073612
446818009
0134118
036354
012876
017939
439000005
76148003
78735002
097103
414581006
074358
036055
363190001
048502
0173663
261688007
121724002
5626004
373083005
211061001
4923004
087658
170405008
07516
259193009
0112572
295221005
]
Roles[
424244007
609096000
116676008
246093002
424226004
370132008
118170007
370133003
363700003
246513007
]
