Classes[
133897009
416684009
227673005
0163134
12804006
0164583
234479004
448666006
402574009
0127857
126908007
445536008
447200008
419619007
0148753
373886001
0126929
259607000
259815004
414023003
243967004
0124661
0148100
0106446
075379
288072005
11022006
311732007
242182003
712669005
405857006
311603003
0100272
230441003
59678008
0129877
261999007
109800008
447785000
0131975
038966
42624001
024925
093749
305082006
247944002
43109001
95042003
426789005
469275001
]
Roles[
363710007
425391005
363713009
410675002
363700003
263502005
260507000
246090004
405815000
370132008
]
