Classes[
031685
0173939
288924006
468578005
291232000
416060002
21842004
298201005
0115939
260614007
271459002
190785000
230872008
700561002
402533009
375773001
93326002
074937
54350001
171642003
295680004
254348007
160822004
0170212
0157825
232642006
375833002
472102006
05435
257435004
465438002
0162238
011579
386337006
010024
424410003
061054
262709008
92938009
01008
84348000
238151006
0171054
062436
132506007
375299007
58243007
711070007
06126
117530008
]
Roles[
418775008
411116001
363703001
127489000
408732007
408729009
405816004
116676008
47429007
246093002
]
