Classes[
183500007
036956
337349001
703356002
068769
205023004
387140007
416703007
0102032
122111007
59160002
125401004
0131723
706473009
170858007
470149000
74421000119107
241450005
0134096
281429002
464660000
263247007
013961
0155316
085507
306147004
69022006
35030006
016655
0120903
265352003
171367005
130082009
0124576
423029009
271140009
161505003
024727
327054009
236088002
032004
410088003
242904000
13240009
53662004
083050
388790001
115318000
054589
0122536
]
Roles[
363714003
418775008
405815000
246454002
363700003
370129005
118170007
370132008
127489000
246093002
]
