Classes[
066228
023822
424004006
0120635
439350008
359876006
52492008
0166104
05599
13333006
409490006
62502003
035968
398440002
286490005
446548003
701783005
274293001
0114605
074899
012434
26125006
090185
288281005
314183000
34101000119105
0153924
78013004
79038001
420724005
054998
468865001
326666009
438519003
177988000
427363003
211370005
164158004
421540003
416988005
088821
099059
430041006
423669006
305481008
165562007
0138762
0125978
425909009
210446004
]
Roles[
42752001
411116001
260686004
370130000
363709002
272741003
263502005
370132008
116676008
118168003
]
