Classes[
113012008
310476005
424033007
293208001
0143255
708577002
166780008
49558004
0116497
074602
331336002
3572006
299452003
06698
0110794
0111525
191198007
0100356
710763006
0148670
014955
288820001
225565007
113921007
256872005
406266007
50651000
05798
016099
714828000
163980007
095234
89199004
024539
244861007
62887003
439250005
251033006
426647008
0121729
446040001
90496008
371000119109
47128009
313230008
0134481
427904000
0145593
0161160
045844
]
Roles[
47429007
410675002
246513007
405814001
260870009
370130000
408730004
370129005
370131001
363589002
]
