Classes[
237106009
128313009
130283006
124439001
433382001
448995000
036326
300396008
19998002
282394004
442894007
0105493
405225003
419357002
281877005
054557
0154512
713178008
0105658
045360
036043
277213009
107746008
0143954
039863
058074
196547005
442670009
292941000119103
0156201
170007006
0157280
0132097
0106531
0140653
19969001
2250001
054213
317298002
060745
091015
226351000
706531004
433981000124105
92436004
164636002
013015
330681004
0146711
01320
]
Roles[
405816004
419066007
363700003
246093002
118168003
370131001
370129005
363698007
363709002
408730004
]
