Classes[
0156731
304115007
0165883
253955008
0142863
105392005
0117501
0173732
210931000
078354
387365004
0101279
049175
057305
0114997
0117271
114096003
6089004
049537
203278004
062234
217995005
043893
72054002
0146806
236734004
278271003
287236009
040950
430759004
0142263
0147131
394835006
089096
387494007
708163008
243604005
0109232
045573
373671009
182647000
443502000
44884002
290929000
28793009
078647
0166675
057420
0102277
709861002
]
Roles[
370135005
408730004
118170007
424244007
410675002
118171006
255234002
363702006
370132008
418775008
]
