Classes[
0133556
242127007
180846004
397004005
87392008
040586
07480
066538
432897002
424359003
282522006
0157451
14596009
027343
484009
122274003
79549001
0112033
0115174
264623001
399766006
0174019
25606004
360355003
54924009
01653
284056007
191004004
0100992
41107005
314185007
2769005
426874006
06212
305052000
13033000
10312003
045219
462499003
0133514
0144268
070038
710157009
238526000
260993002
087675
099592
9349004
303246006
0152968
]
Roles[
363699004
255234002
370130000
408731000
47429007
260870009
405815000
363714003
418775008
405814001
]
