Classes[
057655
703524005
0151661
29553002
86106003
112823003
079496
0100924
295175007
0150724
422706003
44427000
77945009
172149008
361036000
385130005
253374008
0118592
0116038
258401000
6057008
106325008
11620002
0170306
014457
18669006
0137178
0147288
422497000
60818005
272917006
234648006
024055
701298008
045385
40618004
312853008
1033009
26910005
029641
447630008
377362006
0133223
15808000
0113803
203225003
4426000
099127
0135642
465056005
]
Roles[
363705008
260870009
272741003
418775008
246090004
370131001
116686009
363709002
405814001
246513007
]
