Classes[
063563
098628
444833004
095223
466078009
415309004
33165007
065975
293231001
074711
114133007
407302000
067314
09485
229836004
132506007
377316003
021217
0118469
309333008
450706006
093705
244305008
117576007
128413008
391230007
112419000
073922
320759006
0156370
121590002
089004
47997005
402252004
286288007
53841003
8789002
111365004
0171668
178878000
700167008
107657006
438080002
129931006
0144536
0108137
242539007
41258003
061697
278414003
]
Roles[
370135005
363701004
363589002
424226004
363709002
363702006
260870009
42752001
363705008
246093002
]
