Classes[
292138006
34623005
46678004
31830003
49532004
295299004
037032
0159731
96108000
708516002
302296000
0145039
037247
029708
021811
09345
432611004
278588009
240702004
187727005
396605003
249097002
115581002
23164001
426979002
0121058
37277006
019264
0150650
0123768
0118674
092961
015168
356386000
115972001
377317007
238381008
34874000
0160073
232226006
309698005
412827004
211649008
9136002
121168007
0115699
413205009
254886006
073519
324558006
]
Roles[
42752001
370130000
246093002
410675002
363702006
418775008
272741003
363700003
408731000
118171006
]
