Classes[
228132008
90570009
446671006
469509009
262267008
095019
79065008
090292
347487008
464780007
0129372
051508
0134870
0149550
061079
064044
095172
024948
70736000
232857002
231118005
0119163
54792008
271351003
14293000
07190
447741002
354737001
122097009
438075006
0118016
12060004
444615007
386434003
304795003
431061009
26907003
197324004
253743009
0161076
451021004
121911009
0125113
444683006
108505002
022128
253788005
042912
283201009
463355001
]
Roles[
363704007
425391005
363700003
405816004
363701004
246454002
47429007
127489000
424226004
255234002
]
