Classes[
21838002
708677005
028233
194734000
443568003
113743006
0171477
119205003
464782004
0122681
228526008
412068007
320057004
0166679
309618006
273297007
111566002
93783009
315589003
0145233
130095004
0112727
079767
411659007
395840009
0115740
0172372
130427008
52855003
0152649
076138
422874009
247751003
226712007
320615006
94821007
0121578
131481004
363357005
0153437
76281000009106
405399003
08206
195847009
078871
314719003
406799005
067075
22738007
095449
]
Roles[
370133003
118171006
260870009
363589002
260686004
42752001
263502005
363709002
116676008
116686009
]
