Classes[
239480004
286645005
333161000
86485009
018641
268425006
0151638
0122906
0161890
225301004
417445001
423417009
298737004
35881002
242496000
39881005
26444007
42222008
087779
22498009
09815
066277
377002001
44744000
014320
122480009
702170000
132660007
228358002
90926009
0132960
362953006
698980006
231540008
014479
306984003
400017009
288469009
55286008
31230008
011267
363261001
33995003
408920002
0116492
098344
0109145
364832000
31353007
312742006
]
Roles[
246090004
118168003
116686009
411116001
408732007
424361007
47429007
370129005
405813007
363698007
]
