Classes[
60926001
233486001
423832006
0123570
257494002
098675
242490006
77682003
429153006
447962009
268427003
391073007
160877008
042909
036155
425652007
370365005
277810000
30397001
273296003
82300000
181345002
020792
428979007
467846006
064083
369241003
072755
0123257
292397009
50664004
0106374
360149000
132322007
286318003
232975000
272156001
313012006
10760461000119107
79690009
0151254
020457
023776
113287001
447957008
304963006
0154958
420121005
042688
294095006
]
Roles[
260870009
363701004
424226004
118171006
410675002
363700003
127489000
246454002
370132008
370133003
]
