Classes[
263782009
0167672
029551
122090006
0159096
0164743
243196004
69744008
018864
466937009
388127004
093708
255175001
245624006
137157009
0154175
160672004
0144733
409668002
309189008
0144509
280798005
66069002
427851004
023792
54509008
0152987
272489006
391515002
230173000
122267008
095196
0120691
313835008
304003006
208562000
0145308
15854009
095211
0122431
0174280
314235006
0153404
0640
290438009
445023004
41044008
0165641
376404004
423964003
]
Roles[
363700003
370133003
370130000
370129005
363701004
424876005
116686009
363709002
118169006
424244007
]
