Classes[
245158002
395675007
075079
253979005
93472004
051596
093571
037141
059766
068044
13898006
014704
448075009
364189003
16555009
018971
131080009
097928
261695003
78237009
06438
392404008
235124007
243361007
428579001
294183008
467628002
411022007
151621000119101
010043
307391000
028247
29749002
80587008
030201
0124511
367777000
226294008
053130
113535004
20690003
0109683
262343002
070589
609354007
089712
0124136
050205
0111630
014273
]
Roles[
408729009
246090004
405816004
363700003
118170007
246454002
42752001
408732007
127489000
370135005
]
