Classes[
180851005
440103000
017748
38649005
31335001
078448
424921004
12021001
384844009
0169282
409837004
78178004
280587006
444518004
0154578
0144730
0141250
020276
059527
469558008
026237
261656004
16227009
707592003
71888007
0118136
89661005
4711003
421012002
21395009
0122231
254179000
096198
179020003
416911009
711008001
447050008
094755
249424008
0148058
25630002
099341
78274008
171791003
168839003
252100001
89509004
068740
426180000
01585
]
Roles[
272741003
370135005
116686009
246513007
363713009
424876005
419066007
363709002
260870009
363703001
]
