Classes[
713102008
07869
127855006
249005000
0166442
037547
283181004
74400008
0159857
347382001
415794004
170412004
160545000
226540004
236538004
038401
424036004
463205006
83231000
370225008
333053007
0110691
445510001
0140580
0150998
022009
074829
159681002
0130654
233281008
182859004
422053007
17393007
0156776
0130163
0166727
123933003
0104029
366515006
040427
0169970
50375007
0155707
0129054
0131997
420564007
420777000
0168621
131023009
038321
]
Roles[
363701004
116676008
118170007
118168003
246454002
408732007
260686004
408730004
246090004
127489000
]
