Classes[
131997001
209479003
107132000
068308
055160
405380007
023039
172719004
0155185
0142302
418244003
361898002
360311009
042113
53281000119107
079347
137961000119105
051886
081321
111286002
471280008
714015008
0622
125661005
163391006
0170935
410507001
0136691
91434003
183896004
254050009
01185
106116007
0113532
281031002
293219003
113500001
448658002
249902000
04609
224088008
26167002
699458005
114282001
395268004
181420004
12657005
421104008
409652008
413292001
]
Roles[
255234002
118171006
246454002
363702006
408730004
363710007
424876005
363704007
363709002
363713009
]
