Classes[
336655009
0131206
93804008
59480009
0154274
447663001
028466
94111002
111536009
0140519
406860006
245336006
60630001
449122003
114810009
701834004
373374006
242778008
81015007
702421006
030328
698960005
032062
438078008
319712009
0160379
412039006
368624004
66340003
096844
4787007
054464
11271009
051141
294448000
02059
160770002
069179
079630
11197005
419691006
299723000
0121571
446459005
2792005
368345003
467912009
0170561
028641
025690
]
Roles[
405813007
363702006
260507000
408732007
363714003
246090004
246454002
260686004
363699004
363703001
]
