Classes[
225496001
25570002
402117002
83850008
468697003
59690005
0128073
231306007
032435
0166747
90671003
73843004
079818
108627004
94654006
082595
169400008
369476004
0163196
14674009
246782008
124565000
131476008
433704004
031189
114992003
168545001
0105292
0156173
64635004
708951004
289126003
202746003
418340005
0103985
1085151000119104
406953004
402393005
0149218
179453000
110236000
032098
313756002
394708006
360586005
324851005
041669
0105352
068410
230509007
]
Roles[
118168003
47429007
127489000
363589002
260686004
246454002
118170007
260507000
410675002
246513007
]
