Classes[
188798005
289431000119109
445255007
031293
410465005
092163
0131876
0115863
96208005
406423002
371855002
272073001
0159073
444798002
24420007
042354
468908001
0168413
418828001
072133
087023
698652007
259918003
024071
264705001
30641009
398301006
698672002
714414002
309731008
0165728
090029
709051008
121279006
0118392
0148475
087593
0126371
257784006
183745009
280258009
226472003
0137238
210109007
36107008
47131005
088564
0158634
110388005
205294008
]
Roles[
370131001
410675002
42752001
260686004
425391005
405816004
363704007
246513007
246090004
424226004
]
