Classes[
73885000
449629006
217493009
0158406
273642009
414969000
255114007
4176005
74171000119103
072130
406836007
061814
205190005
231186004
013976
65781002
35292008
46035008
182324007
076701
038346
430508002
051685
027350
0130843
246433009
026091
104673008
283877002
408459003
061481
448040009
702630008
293415007
076013
0164616
703539006
109611002
230834003
239581002
052139
420283001
0161728
096365
419071000
376235007
051134
34764007
257545004
434660005
]
Roles[
419066007
408729009
363589002
411116001
410675002
246513007
246093002
118168003
260870009
363704007
]
