Classes[
29173000
68138005
326980000
176549001
81627006
0170708
441811002
21020004
080471
350631001
0116313
420706008
090933
05998
254450000
229861001
020538
294356003
0131053
0148429
216936000
75230007
054501
364788001
0149682
30920001
089622
21780009
411833006
0126245
235467006
069353
089694
044844
238997007
326160002
0160938
261694004
116218007
71472003
128944008
030889
419035001
23206005
108281000119102
0103026
05640
0171123
467031000
023900
]
Roles[
408730004
127489000
118170007
118171006
246093002
405814001
370131001
255234002
246513007
363702006
]
