Classes[
74262004
26604007
16522004
0107893
0143615
0112504
0104654
361421008
0153562
386090004
73748001
466320006
0106695
045871
0112612
057611
200089000
061348
082725
69178005
2747003
123986000
61553000
168887008
025636
015584
019544
54000004
428211005
399039004
82650003
131455003
59254005
0109734
232133000
061960
426207005
074148
045195
0165751
362984008
416497001
387205000
424379006
399705007
272864005
064228
247358007
281750005
063098
]
Roles[
363714003
418775008
363701004
260507000
370133003
42752001
118171006
118170007
408731000
408732007
]
