Classes[
295068008
089495
398485001
192827009
181661007
214771007
056079
108747001
056359
4428004
282809007
245615002
242222006
163225008
406313007
24065009
384641003
369083001
255841004
258787002
057459
0167815
089213
392644008
244106003
186417008
422767009
431363000
121879000
077157
322883000
050731
020043
92576006
6451002
056854
389112006
4757001
391688003
418097000
28036006
230854002
92098009
0119572
041272
030622
247843007
15439007
3944006
0141617
]
Roles[
363589002
424226004
405814001
118171006
363698007
419066007
118170007
363710007
411116001
405813007
]
