Classes[
66665007
02231
278860009
0143747
133425001
441437007
7513007
297624009
6569009
0142495
368275005
64853007
469374004
0129113
0105977
64725004
411212006
245142000
169129004
08846
318136009
43208004
36652005
0136154
252435005
132910003
368741000119105
63541009
258491008
67082001
0114953
264775000
73749009
81607005
308274004
277684000
708739005
416148001
261822007
94508007
394601005
0137592
072143
248167003
418678001
0111086
376204001
0649
360234002
261130005
]
Roles[
272741003
246075003
609096000
411116001
424361007
405814001
363710007
116676008
363701004
127489000
]
