Classes[
245298008
247552007
019414
030469
297077000
067647
06702
081495
067032
312979000
0174155
194416000
432547007
68712004
423392000
276601004
086474
0100728
05290
469128009
67582008
293585002
030221
81858005
27543005
0151531
0141525
301817002
469670000
706298007
8826001
019726
63533009
314039006
360057000
278425007
0171238
15887008
74719004
0103192
025769
464747000
32321001
037671
0174694
66892003
174733003
701829003
27082000
712759008
]
Roles[
408729009
246075003
405814001
370129005
424244007
363701004
246513007
363703001
246090004
263502005
]
