Classes[
027998
438152002
89541005
398251004
063298
09754
0112283
05316
298943009
050377
033501
65964001
391907007
360511005
422399001
059488
372546009
45817009
036895
016648
367666000
070826
372500009
427587002
049153
704307007
609341000
0100863
16780001000004106
0105758
0140380
0115029
274348006
102364008
704808008
032426
366092004
085042
294445002
365963009
071731
88624005
466790002
369570008
045131
105264003
129303008
107069004
72457004
304335003
]
Roles[
246513007
246090004
363713009
246075003
260686004
42752001
370130000
363589002
118169006
408731000
]
