Classes[
293417004
399828001
423630000
119627001
0113374
01306
438331002
110378009
115100009
0103478
015271
30714006
441573002
030802
0140027
171665008
296353008
288877000
395714008
465567003
0116826
91934008
22623003
0166181
46503001
065127
22219004
0163545
034604
245419004
91172002
176859009
411110007
247438007
0159265
071195
091303
130947005
440327007
264610008
443579008
047849
2672009
129037008
0164829
162371009
057851
0173809
417533007
029714
]
Roles[
246513007
370131001
246075003
408729009
42752001
408732007
424361007
255234002
408730004
370133003
]
