Classes[
425376008
09403
438280005
122095001
49676001
0101850
118975003
10692841000119102
448709005
0140072
182375005
0127287
083733
03557
0161689
35541001
111546006
90761000119106
34066002
277308008
279320008
77605003
24142002
0106235
0146704
0150572
0118265
301452004
32746004
066465
187252008
433429009
129794007
201334001
702485004
0152229
06575
441174003
0159628
0166907
231057000
226578002
132195006
02181
52101004
0174390
185606006
25261001
062407
09716
]
Roles[
419066007
424876005
272741003
370131001
118169006
410675002
408731000
411116001
260507000
363699004
]
