Classes[
0158110
310014008
284916008
795002
244524007
49365006
0154070
229210004
702057006
33474001
163128002
028283
463601008
0118071
420983006
52932002
26300008
443454007
218726009
037492
306518000
133675005
015152
708254003
231893002
446148005
283877002
223654007
699461006
0149535
0104176
274124007
309369000
074947
262630008
419505001
06541
179282001
290795006
373727000
257165000
069198
077285
030326
299583001
061343
294104004
311836004
0107232
41837003
]
Roles[
609096000
255234002
424244007
118170007
424876005
405815000
363700003
363713009
370133003
47429007
]
