Classes[
424635004
439470001
041377
309383003
176852000
056221
386464006
0150299
082057
423928004
0149307
33204004
446330006
082015
0130354
64661000
0158378
252161000
447545008
710440000
63244002
064377
245171004
0163248
035342
0146403
039395
244261004
363532001
038650
0166813
09500
449754000
117309003
95587009
703741009
467316001
272510001
442961008
414060004
059976
043037
468644009
240678008
86041000119107
22947008
229404002
015514
018040
0133087
]
Roles[
424244007
363699004
42752001
260870009
363703001
408730004
418775008
363705008
127489000
246075003
]
