Classes[
041134
0146978
388894002
035534
0162299
308758008
419415009
09618
0159276
0122440
063137
128715000
445598007
108809004
430609004
268672004
233086007
128406008
70300000
6762003
0118268
083737
028980
019452
60253005
439215002
407908008
109573000
1133007
16880001
392281000
0159809
0139265
0135409
115717008
0108694
122722000
0172831
0145648
468459008
399065000
088115
060809
387127002
291153000
272514005
707135008
403770008
43682008
055073
]
Roles[
408730004
370132008
260870009
405813007
363713009
370131001
246075003
363710007
424226004
363703001
]
