Classes[
271356008
084678
62619007
24664007
028294
217327004
414311002
068067
73482008
267802000
0102512
0136328
702648004
287802008
55064000
041673
86190004
318370001
197176008
442370001
90292007
0144501
0109165
017954
45399004
29322000
033574
412934003
066104
8421002
078980
185761008
420972002
0739
361706003
246039000
87606006
068264
707344002
178996008
0106723
028829
296165002
91800008
248507006
043100
288969000
212361009
0110597
40213004
]
Roles[
363589002
408731000
363703001
260870009
609096000
424226004
255234002
272741003
424361007
408729009
]
