Classes[
020980
126540000
047809
0146871
20866002
113359008
0109316
426907004
080033
263903005
0124028
51888008
262117006
066835
0130551
259931008
240017008
81863009
272898001
38613009
198305004
025750
109521001
0120952
419814004
80631005
49636006
446760004
224853009
0174611
084843
0135770
322151008
232391008
045636
183319003
037034
366637007
414153008
320602002
037599
163034007
053244
091736
254489006
190368000
347659009
168664002
163217006
27201004
]
Roles[
363589002
118168003
363703001
424226004
246454002
263502005
118171006
408730004
246093002
363704007
]
