Classes[
0160194
232772006
112343001
04488
364365000
225955008
0138734
276852004
120032006
0125065
094239
88200005
214964007
0158791
80094000
48560007
59441001
0127565
080861
324175007
257103005
0151671
78369003
701135000
298473005
078966
59899008
385560009
410732001
241462009
185595009
043248
65679006
405474000
284346004
110749006
403191005
0137691
409739009
419288001
1089951000119104
168629006
426311001
36671007
0100615
055693
32506008
0151707
018646
428675004
]
Roles[
255234002
363709002
363698007
370130000
363705008
363701004
260507000
118168003
609096000
118171006
]
