Classes[
428492001
056203
267772007
367785009
277474005
313503002
313910001
369899008
011389
89869005
252671004
021304
0167838
289071009
132466008
297696000
391102000
93931000119108
021362
224264004
161457000
31690003
297415008
208536009
052609
196496003
290634003
1649005
125238002
346575006
403813005
74713003
257441006
038640
95636001
236432001
198402002
41259006
081011
214347003
051062
204920009
13907006
033369
67582008
90360008
83124006
097008
0108300
18587003
]
Roles[
424244007
609096000
118169006
363705008
246090004
370132008
410675002
370131001
42752001
405815000
]
