Classes[
77422009
065942
17379000
0167992
443380007
465716003
432667007
0164153
443090005
063528
0165485
0116592
133287008
85312005
417135009
036696
63984004
249741009
086728
095585
039125
14187002
39037003
0106060
62631009
294325006
0104330
83728000
069187
34659004
365346003
230265002
20761000
427579003
0163468
9327005
061524
241595000
24709008
361472004
040936
406531009
464873003
53113000
074432
228638006
0131348
0170468
0161655
394579002
]
Roles[
246075003
116686009
118171006
363713009
260686004
425391005
405815000
263502005
272741003
246454002
]
