Classes[
38983001
039281
287664005
366359003
35493001
131573002
074050
32120008
115909006
0173523
470574007
309523001
389132007
115451008
0171289
01430
0163506
31021007
107570009
14467005
74905005
373344003
081156
304411007
702203005
061139
0114395
031075
232354002
04819
41748003
01752
447515005
384786009
205387007
078193
197441003
0171364
433696000
0170272
444168002
012907
283229007
15942008
62152000
265271003
082115
391210008
368629009
034156
]
Roles[
408730004
118168003
408731000
263502005
118170007
370135005
260686004
424226004
408729009
363713009
]
