Classes[
53268007
052922
067823
404492000
447700007
446217007
053470
069034
95214007
063399
122431004
7084003
30124006
042542
44326005
113845007
299381003
63903007
081075
212229008
025466
0119308
59240002
83625008
425541007
314418005
320565009
250637003
0172145
030918
063722
709486004
52109002
76059009
017914
443656000
260535001
0146887
26313002
0121131
0149636
360856008
409621007
699364002
122070002
46279004
0152809
0117820
031275
406238004
]
Roles[
118170007
424876005
419066007
363699004
405813007
42752001
118171006
408732007
363709002
116686009
]
