Classes[
58308009
206192007
0153467
22958004
274371008
011550
160754004
063648
10625511000119104
0139615
7417006
090129
469928008
444213009
28536002
298844002
0145031
0110318
071515
058320
47900002
0149493
61116002
6121000146106
292889008
286399007
278943003
51639006
037516
279968005
713685008
50666002
10565006
466873001
043811
23217006
049459
252453004
011680
06768
044794
432523000
459127001
464949007
469451004
217911002
0153083
243026007
714496001
62080000
]
Roles[
260507000
363698007
363589002
363709002
363702006
246090004
118171006
255234002
246513007
408730004
]
