Classes[
256905007
209276008
363639001
040573
385906007
291113003
093682
114443001
370344004
228207001
0151660
286145006
020975
43618000
191999000
250079008
68131000119100
043348
255430008
0130297
093943
159599002
185659008
62383007
424916002
213220000
091061
709353002
132673006
0110312
704666008
102750006
20007005
428816005
707875002
090778
405373005
231823007
608827009
46291008
210851002
306357007
369523007
11363007
295526001
0120224
253443005
064979
029276
16692004
]
Roles[
116686009
363713009
363699004
370133003
363714003
363705008
363704007
246090004
418775008
272741003
]
