Classes[
094876
78972004
359830007
246443007
133767006
431737008
416269009
701203008
147561008
064669
126068008
81794001
023715
03041
299720002
230480006
087553
197276003
409393009
256102006
60224009
33630008
0135890
0133717
709674006
370792002
0151772
033999
160656007
314925008
363299008
418246001
288577006
78898006
0104678
324877002
0155207
264685006
205023004
0109408
171661004
11078007
049302
387106007
077552
0139152
232795002
075428
208578003
166688007
]
Roles[
370133003
260870009
609096000
418775008
363704007
246513007
408731000
408732007
363699004
118168003
]
