Classes[
298723008
0157050
392506007
053943
179980003
439281001
48395006
02314
87133009
170115006
074890
47917009
39450006
027733
048180
0149968
43031006
237408003
067656
374348005
0151087
56559002
073968
1661000175107
325076004
055015
713664008
0167541
0125951
056453
30497002
31358003
49300003
459167000
40809003
0113877
0144527
065322
0142255
75460004
282002004
0162811
7316003
216767007
0523
259466000
177753009
365982000
119243000
431398002
]
Roles[
363710007
260870009
118168003
425391005
424244007
405815000
363709002
424226004
410675002
424361007
]
