Classes[
310632009
299616007
0159098
293163000
423793008
232814007
210786006
182017001
1086951000119108
50863008
36552004
09096
81350009
133971000119108
178402007
170539009
11547003
86671006
37034001
698079005
31602000
030720
415264009
291397006
27207000
17661006
015813
094098
0147014
010689
10053002
317222006
080306
077795
072771
18436004
200040005
174882008
0138416
52520009
0165806
24003004
069284
234159003
76126009
0141695
53071007
234299008
56413001
262568004
]
Roles[
408730004
263502005
363589002
260686004
370129005
363714003
246090004
425391005
418775008
116676008
]
