Classes[
323973007
419986008
242778008
0159370
704759003
298876007
107004006
413763001
257162002
027808
091679
277730007
201968004
86918008
77852007
0139471
462956002
215308009
394603008
078375
5761000119100
468361000
364722003
038509
0131878
0101
0173331
265945005
404673005
303633008
224839009
080455
191616006
214565003
0154760
238026007
0144939
365888002
361403005
189093000
237283007
084690
026662
0172264
278744004
711014008
225113003
96197004
180328001
078322
]
Roles[
410675002
246090004
370130000
370135005
424244007
405815000
363709002
260686004
246093002
370133003
]
