Classes[
60247
51966
105372
1721
83628
7419
84980
99810
5303
013142
94117
60241
35695
27604
37125
12843
120639
62048
014721
25630
01617
36615
11874
75902
011881
13969
49889
29249
103577
110262
37919
71797
125297
019130
82965
74276
83042
73113
85672
121542
56050
10995
106499
100994
39809
012613
126257
44753
71598
52848
94237
28504
110810
58584
018752
352
59933
10078
75590
03268
26737
29024
010314
87431
102815
03075
05076
019006
111639
017613
32262
010051
8554
58888
45366
57767
12608
018635
26335
24271
48262
018142
6805
01088
125309
117829
74625
012584
013363
81186
101627
93434
77381
98390
3541
42015
90791
45700
57878
110011
]
Roles[
0042
00171
00133
00150
00126
00177
00100
0036
00105
0044
]
