Classes[
9576
11853
37916
09148
016121
35448
04350
20800
95096
62674
38097
119118
122452
97740
99941
72054
92004
108064
18531
076
8401
12675
56629
86388
45274
84625
37591
39683
08508
06364
50692
24879
7568
108206
69060
11914
75400
56489
92791
08243
67295
62137
015066
44016
014493
115703
27411
34538
85581
93084
38208
43525
78137
018682
108654
124286
32669
112703
95158
24308
63268
87015
27510
28232
66519
19134
87970
85702
71369
7760
102687
37375
015658
121315
51112
116834
72660
77804
5708
58497
12496
7657
13260
29526
016918
013831
51084
21176
113059
78750
124225
89060
123143
3453
42648
68815
119337
110885
09591
38328
]
Roles[
00138
00137
00112
0034
00107
0036
00158
00174
0024
00155
]
