Classes[
33669
4672
87245
11498
34054
014200
37123
53441
62789
010000
05420
55610
4837
24393
40201
22996
111674
6991
95150
02651
120096
58974
015613
119920
75443
107103
5224
96970
62954
104640
48015
880
57608
121038
100880
04346
4673
14796
79351
96615
54116
018464
018357
93168
010085
58784
29176
103485
28633
67156
115973
40416
49867
61217
01802
54068
104970
102928
72456
19563
123167
119923
16858
22028
86745
90575
54277
04445
114088
50138
0403
124789
2131
105252
08792
6408
36934
90943
65615
83466
12773
23684
7310
122918
23123
87394
114160
110345
65541
113828
62181
63092
13885
88183
016702
21228
104526
08911
3624
0381
]
Roles[
00140
0028
00105
0024
0066
00141
0049
00177
00106
0046
]
