Classes[
7910
111455
121416
78433
57446
20743
110496
014807
66532
92271
99295
89379
95153
55925
16448
23341
40738
55554
23817
53381
18976
55999
88732
113702
90868
20983
28015
83044
106234
40534
27701
44552
84602
107025
95099
90768
56595
103544
125726
39565
014370
114121
6496
37847
45882
1727
21277
102293
24376
113327
40287
15820
22983
57363
0151
68780
5330
019030
1803
113775
118365
98011
65231
84911
20639
89701
51996
47474
44802
108262
09161
43869
81029
79201
45842
4645
17471
124859
43617
61920
51448
27094
34559
88404
2721
11363
22157
52073
87445
33061
53610
82042
44059
13338
016645
109463
012804
83100
03880
015982
]
Roles[
0038
00138
00163
00160
0023
00141
00150
0030
00101
0089
]
