Classes[
107564
57305
70994
46122
113430
02129
41242
85221
53069
43858
80408
57548
102128
39364
06650
66657
47725
15171
79554
43872
07720
36022
14262
3784
118224
51573
88475
113275
19123
84632
125942
96870
61980
64533
18776
07900
81265
74073
22246
88830
77397
109841
1577
113588
012538
89552
42560
40031
124730
100075
11950
23207
013139
62795
25584
7663
30057
24949
25922
98442
77435
015851
45132
22684
0136
90490
54141
38559
06577
01807
106371
44605
05277
23713
45102
013839
103936
09582
8985
108512
92500
010826
44784
22966
72810
47673
89032
07040
01486
125868
44425
68658
13671
49352
121948
88808
75272
82667
7462
013590
]
Roles[
00146
00176
0046
00167
00160
0047
00104
0034
00132
00105
]
