Classes[
9445
015041
51291
5047
05538
78023
68684
34276
122799
15383
95631
112935
39806
015424
73617
82016
89481
117355
34114
118789
23921
47866
03919
71654
6619
2698
61995
42170
75381
90666
59400
102427
69016
120087
118916
017363
57275
22818
94564
03751
54571
60539
88420
99732
32442
115491
06489
19287
91783
05162
116117
62489
43212
62131
51848
80274
59998
91466
5673
101196
102135
64732
111216
3565
112751
72937
117767
107061
60634
47530
110536
100016
29917
22219
64612
37046
122010
01741
27414
45221
105820
64816
99903
115755
99271
117832
105235
111483
80941
77354
57929
66764
46056
9367
87331
28000
103126
9902
013733
38915
]
Roles[
00169
00108
0037
0034
0027
00145
0025
00156
00102
0031
]
