Classes[
42619
114212
08444
45557
39640
34957
86488
57885
72053
12112
83754
16747
80696
22011
4287
106889
115186
21915
02006
82076
19121
683
72629
05958
51348
16338
40464
124333
63469
107555
101290
107854
71962
85803
117775
54222
90548
27415
010294
33595
10201
118282
60167
50001
125069
52099
011425
81861
014358
122329
26912
08260
44106
117272
59080
91094
21612
48787
23070
07233
113031
50574
07383
44974
48356
122093
6606
014138
51089
99650
94638
07012
106945
68658
14187
118559
014781
101965
112662
1077
12979
80928
6296
42650
11190
24749
112528
105409
118406
8806
9090
02596
01773
29532
110602
02810
7300
118318
017822
2459
]
Roles[
00124
0027
0081
0032
00103
00142
0026
0053
00125
00153
]
