Classes[
013665
97665
68418
03676
98736
27546
119021
012582
3383
36002
80657
011569
57907
115213
39633
019037
011049
42667
62494
38478
36380
66871
65853
73264
15068
9894
51112
38593
123727
59690
79127
90652
22774
102529
79200
55182
93238
05112
37825
39388
017506
107827
110751
45666
117658
9083
52508
25018
109816
018179
014352
83250
014581
48232
118217
06827
42316
10102
100097
56383
98530
95798
12606
13235
33382
011772
11968
05060
74011
83077
010540
105044
012025
6964
2808
98159
78410
7626
012752
116856
25574
92604
27855
91391
108808
10037
013360
47660
103244
6700
78600
57589
60050
72187
115367
57853
35113
63320
14662
99514
]
Roles[
00130
0024
0035
00105
00142
00172
0089
0027
0041
00110
]
