Classes[
54368
88178
93979
60273
90705
1067
104933
19159
38671
95406
09338
03896
08588
11308
50239
107054
02568
109779
38117
120287
29409
96842
012075
101104
44432
6697
121305
80928
112422
76126
37360
17347
120535
103170
105285
01946
13887
55808
101605
124789
116574
012797
44069
81814
26148
123140
014566
98592
82384
27804
66641
64785
89510
27443
22088
0194
87264
55567
45768
016196
56528
0399
37401
17736
119524
118870
13830
120109
77292
28831
7000
104937
013222
60734
10335
118984
1358
18400
012646
106353
26510
19788
39619
63790
89421
112017
08583
19900
116408
67353
104674
117116
92168
88857
84841
18108
26829
16453
6614
115988
]
Roles[
0038
0041
00159
00102
00173
00153
0030
00130
00170
00140
]
