Classes[
115352
16258
15260
111504
8495
95968
102651
52063
25310
018411
110402
15601
013806
106799
107444
72371
54622
86340
5470
43594
51674
43829
14336
92264
37847
3207
017460
16050
17752
60995
104969
15294
89384
109319
56820
101464
010418
06384
22592
32484
107825
33107
109214
115992
98123
24856
36262
75386
25951
95738
66506
119344
93956
23198
65712
12369
100805
706
59126
05648
112448
4281
109796
110961
27044
54662
15369
90072
19727
21844
19478
21529
102539
61014
58600
38586
34214
41807
81425
95012
24255
39752
37653
17149
70664
111322
49891
73268
81133
108083
98669
116826
011362
13052
75744
53018
019036
6655
115189
123747
]
Roles[
00171
0066
00140
00124
00123
00126
0023
0037
00158
00122
]
