Classes[
28756
72685
124895
18997
01190
88579
118805
08693
62090
107804
87369
22531
33404
72610
8065
17621
12617
98485
50545
100573
117996
015313
34513
79162
124203
64885
32669
50029
94048
75006
102368
14890
112428
05701
116426
5746
105194
018342
67356
95094
11649
66406
15488
113451
87887
120684
84704
81726
84377
014966
14265
121964
56889
53453
07636
102990
015305
15804
87783
125423
012189
20258
9597
111166
014534
99658
78301
47861
80881
07631
60619
017823
101572
27272
47469
019212
66243
115590
08027
71140
93730
15682
81042
105543
93556
124534
106366
64925
62765
75868
122212
05310
010997
9710
56523
33403
018429
71735
81746
70667
]
Roles[
00179
0048
0042
0031
0066
00112
0054
00165
00141
0046
]
