Classes[
11947
010504
68693
77853
015579
10210
70499
100416
15894
111503
3954
43238
42513
104946
05836
64202
58116
018731
13518
37988
016351
4480
94342
02528
104383
50103
71322
94170
014510
92539
35726
19758
27211
35083
12230
01903
78496
49446
124684
32429
57795
07274
105295
116337
102020
25173
07801
120581
18216
18127
98482
94286
87068
97206
95167
018191
82110
29245
16261
42738
93488
34542
16801
70641
115656
58149
68284
17923
111001
59566
77766
016758
60301
08667
99417
104920
107532
5937
14740
9118
53794
90216
48324
20112
34462
115807
40642
122585
82580
72544
119227
64756
66006
107859
88142
015817
4313
93170
1471
37810
]
Roles[
0048
00139
0026
00105
00112
00158
00124
0027
00159
0053
]
