Classes[
63805
63578
110726
014044
11557
119964
101308
103328
35293
05125
41868
118342
52794
35003
34946
10568
60768
87108
95476
70837
38147
120067
80592
59948
018188
94581
18589
39836
80291
99283
10522
93841
24448
08316
9413
106169
22176
8680
34326
08137
22886
14377
33707
71686
109912
78874
94702
28476
16768
20573
123976
55150
101387
07938
124398
9598
37465
110853
120330
44967
48838
91054
014186
106915
60758
62172
121458
25400
71847
124666
86019
66821
121166
91771
116745
23601
39055
72271
07719
105537
45677
89620
71977
12298
61880
22906
04309
10555
112492
119917
62346
10984
01716
4125
27881
017954
10595
124562
106789
60643
]
Roles[
0029
00107
0034
00146
00114
00113
00138
00122
00102
00179
]
