Classes[
51508
02096
15367
42607
37477
11031
01849
85904
010282
63198
88091
36205
111658
83126
33568
56891
109366
59209
98180
71498
97806
71578
34243
61267
27501
95865
94885
1834
117534
60894
22256
123306
15658
106391
36806
107818
64549
56168
010398
89416
38821
63141
63222
109426
39251
115544
73582
9868
124853
101140
84788
116627
13855
96270
14613
3846
35988
07877
91490
124396
104687
92787
74658
98760
73336
48675
010042
012880
17473
8833
107262
18875
84547
119005
42191
27275
43209
89792
019228
63872
09116
117032
5370
38411
0873
52176
117354
02357
72262
66722
03712
109784
17354
12785
72543
3306
69030
47845
35587
98730
]
Roles[
00160
00171
00107
0088
00146
00169
00172
00101
00158
00178
]
