Classes[
13709
118392
113260
8651
90118
92670
15257
125544
80130
23434
61646
125904
23741
12651
95368
69251
17254
9593
48485
44038
106656
37919
89508
03513
012304
45707
24279
68527
92241
61278
8584
58586
10412
21755
2359
57679
0528
92136
013171
29864
96886
015147
19598
08476
100013
29745
94577
58682
0565
13762
51372
20277
36114
115043
35490
52789
40932
62170
07014
123389
11656
8989
111106
36254
10571
103659
55439
109609
68669
7418
102300
60082
102377
82072
39118
5446
61249
59853
09957
29447
89885
96018
05025
29357
61213
114978
72562
62649
108159
87571
65949
103096
42472
92427
75825
121586
011898
109634
90734
80512
]
Roles[
00116
00155
0045
0031
00108
00163
00140
00112
00170
00101
]
