Classes[
111332
103997
014602
87807
02820
99725
121100
74078
23716
123102
122043
24018
118301
68790
33767
24068
30038
25989
012078
84004
109614
07714
121664
111695
23116
94381
124071
43417
110822
114788
23196
44552
33594
11385
107945
3936
44677
83651
95466
11877
15328
55148
19391
16795
02184
4417
14497
56085
7908
012324
36711
86513
44882
79941
118724
13501
01286
104120
121125
39818
017874
49451
28936
20770
011248
7845
66029
117510
13815
110097
75885
71419
38000
120956
25070
71294
28571
97587
74764
41555
107038
20308
02793
15714
112534
37508
06201
62020
38761
33021
102309
118837
76505
122725
59277
53491
9975
53182
107350
15504
]
Roles[
00133
0026
00113
00166
0044
0027
0041
00100
00175
0037
]
