Classes[
113778
40917
12307
1152
106547
16923
124318
71851
78314
59884
88588
19950
120078
1910
74364
36833
83905
66494
13384
38224
25582
018440
56627
90944
08397
95515
60825
43703
99962
8897
6649
21537
21697
78350
106529
97593
93616
35864
120004
82214
100767
33195
74560
25387
75466
108920
116716
24640
121412
115707
016117
106153
27795
40550
09615
5345
77148
28110
17987
02852
82632
49263
24426
115197
117878
04833
95200
44058
17454
109809
73592
124936
100185
02826
121717
109088
014971
36782
61508
119815
47904
3622
52030
6451
24416
125796
94709
122159
0208
68797
60476
57759
92640
29483
06433
30029
119212
96547
27045
88541
]
Roles[
0044
00125
0053
00138
00141
0042
0032
0040
00172
00179
]
