Classes[
42459
7820
105703
52363
013368
018406
3335
09322
23675
16804
21063
23019
50509
36977
24885
122745
08480
107097
108729
122626
120249
53372
07916
52073
7303
44616
39564
111319
94418
100324
48735
61883
019247
7159
39652
107460
07643
60432
29903
119997
08244
41752
106674
101615
81432
20345
63325
60391
79236
38954
14702
61786
117582
60336
106796
97535
15488
20764
29803
41083
124035
80352
07295
74977
123514
26070
79390
65587
91188
36721
012646
37391
73517
06311
13514
25230
124959
88268
122578
25536
42398
18611
110094
81953
110996
84464
09974
114101
50151
117949
107922
06533
03580
78362
59464
117636
2527
76652
27124
82597
]
Roles[
00170
00135
00174
00160
00141
0040
00110
0034
00142
00179
]
