Classes[
89518
39717
35706
97617
110214
20791
43772
02499
2216
89557
04065
04467
66524
38164
49901
52876
21390
88853
0236
44728
8409
010974
05458
81874
65875
63063
42688
109982
30117
36926
0862
33096
09265
04576
15108
44641
121443
40172
73661
75523
118189
96751
19077
812
95315
20946
50536
103069
45670
104864
03866
56946
66031
81359
23722
79941
28978
84034
64496
85803
37067
111741
57127
52406
119592
74022
65303
92361
88153
3521
11586
2738
23056
014100
38848
105645
116089
45643
62711
47837
65556
111825
122461
50719
101082
35848
11171
81084
117616
96831
017913
9457
86913
44085
29451
76395
56167
125301
05918
44750
]
Roles[
0040
00167
00103
00106
0047
00142
0029
00108
0072
0026
]
