Classes[
018349
66869
63994
113044
32623
09555
44451
97834
91941
13731
28680
113075
45608
93078
51474
114389
18831
37003
01960
018575
104241
94568
55457
52595
11656
99785
56185
44258
110595
7981
57180
06788
16502
86070
26329
96960
103783
93446
27282
87188
29724
99120
04756
16244
119774
102000
100277
26375
019166
62310
22871
018986
39386
105593
94274
07352
13326
61125
74242
014546
012845
110555
15836
90863
74749
20466
013383
42344
10827
010873
80069
7698
67219
03653
36880
62407
112357
51508
43453
108049
55806
15328
29224
48405
02035
20553
03493
10686
72880
94424
106602
1585
81286
010068
3767
01536
09993
83590
80089
29791
]
Roles[
00135
00179
00113
00158
00160
0036
00168
00142
0082
00146
]
