Classes[
58157
106645
8728
108690
97467
36907
45873
02645
111720
017943
010465
68540
102345
49588
58286
64293
60557
03045
015644
116523
87212
63203
108124
117585
115802
4041
95748
124557
55834
52655
100354
124284
108359
0404
37550
65067
02088
38069
78349
62682
37296
106162
112388
53377
27420
48337
23195
37575
93778
82686
94447
1876
121927
71570
115442
20642
125382
18067
1295
95252
89272
54729
3253
67406
41985
19933
86638
90369
03559
13692
38586
6479
02010
63896
35870
81997
70905
8374
124028
9102
118811
98291
12816
93368
16440
104352
121634
24888
38764
25431
101997
113585
89758
38981
74822
112077
66507
92291
84680
63395
]
Roles[
00105
00167
00123
00100
0050
0030
00137
00133
00116
0081
]
