Classes[
107445
102720
06670
78180
01335
56385
58029
98842
105548
96832
8869
23862
107388
110148
37744
61896
101431
80363
06611
75828
8428
39194
09489
67498
9430
34702
60324
64905
83379
63031
52895
19567
17888
71831
112891
03265
100807
17222
58514
78002
012229
81117
80092
18356
3562
35309
27171
66371
91177
02618
013531
93965
2996
113245
1798
7593
90205
80445
015208
102503
11141
111194
33827
35796
20014
17494
84528
69019
113153
0157
107218
92437
06223
09019
17101
96271
7053
57140
96249
58095
05634
42876
36456
60999
103403
114777
65710
79612
66993
81097
79214
104718
07838
87998
13666
59821
111294
64267
49067
58895
]
Roles[
0031
0032
00131
00142
0039
00114
00169
00171
0054
00179
]
