Classes[
5756
55769
81325
66555
49867
88679
52781
14888
48334
41147
75665
91219
49939
73203
38727
20116
83964
06340
124409
83343
14557
4604
44534
22648
16424
010933
64460
114200
44209
124584
32139
12326
93700
27175
63240
122572
07909
59818
22202
015611
58997
057
99000
117045
78854
80421
83554
63916
15370
84300
016974
06619
20359
66794
90612
33319
21376
5587
21983
117629
13789
04159
54912
06364
15016
57743
74738
60695
15373
32577
43427
34799
113642
57359
81847
010583
73990
122473
125423
64857
015892
94159
87237
13561
87975
87951
81485
50710
104302
71952
02834
116273
80748
98201
54273
56207
2923
27994
17866
11567
]
Roles[
0066
0026
00166
00135
00165
0045
0089
00155
00172
00132
]
