Classes[
26939
67366
110209
15196
62120
80941
68700
108379
22201
64328
45603
36151
018861
7959
97377
4802
26621
36225
108901
011415
110031
015798
12841
01590
64927
014215
53491
57641
91180
82371
88427
110624
35130
77314
08451
102234
05496
119784
37575
11847
25182
90377
013569
018379
16866
115637
016349
60109
109299
80165
33549
04588
14230
28438
96383
121953
90853
25966
44580
1271
80694
85482
10173
12863
04071
28256
125709
08678
108943
54862
03839
51982
121581
2764
44029
11948
108911
01887
45520
96613
107435
13606
934
41766
123873
113378
110811
22368
017107
44975
17656
08787
55836
122501
45260
67536
55455
104924
27100
57410
]
Roles[
00175
0049
0026
0089
0029
00138
00114
00150
0045
0023
]
