Classes[
107242
73506
57806
91287
120864
27560
114286
87547
106792
22180
25843
51344
94970
73787
72554
124025
010330
49088
08292
38269
017168
214
76109
123828
11634
09911
84271
24484
15409
59456
04644
25305
86386
58687
011733
42728
122049
24453
6123
108020
89601
017090
125177
113652
52991
010709
111408
91093
12837
52115
013677
64861
103819
76883
6604
49856
71197
120472
82845
04355
49786
51757
109768
103189
53678
21979
93093
57751
13022
09738
54991
123662
02739
89307
19534
66127
33053
109120
9184
109914
58572
03865
62231
83508
93163
25972
19604
74300
37897
51775
65700
19661
108275
15811
016663
0473
101137
20812
76274
23528
]
Roles[
0035
0072
0032
0030
0045
00171
00126
00130
0023
00135
]
