Classes[
47774
76788
3552
92486
38129
06691
91770
53258
011123
44482
123384
4528
7286
88089
20531
014555
010052
03873
74687
67075
115639
60099
41839
3772
11408
19982
82340
03301
103390
58219
04500
07879
21003
27541
2311
28492
27839
59520
49858
101607
77327
50247
16023
0861
66267
47948
14232
57902
15842
94948
19321
109725
98711
73148
112791
3125
26733
22161
3025
59544
48510
015272
7179
121012
74452
84565
37502
61269
44052
96222
35617
16876
51693
83088
67180
87102
36449
03909
39215
33144
70584
37883
89302
19267
14435
06384
011366
60202
60640
03872
119783
014279
64138
5796
75497
35954
17339
01090
101122
4462
]
Roles[
00155
00124
00141
00125
0031
00166
00163
00115
0081
0025
]
