Classes[
36211
89757
118884
50242
73688
17988
83097
124161
82035
63805
110345
112872
123024
25233
48495
117748
59199
20094
12792
48841
38433
3789
013961
0109
97130
32059
33524
82429
018117
73650
05977
100372
10411
16236
59663
74875
06820
98871
58481
012562
017086
57658
54595
57457
90959
82272
20468
77583
17955
111062
21941
05591
120595
52849
76244
17492
52159
25107
119026
102310
011659
45265
24355
53039
40991
112679
102404
124472
16647
100253
107496
5993
16049
115683
04347
4848
014265
98406
87101
13225
48461
57771
17359
39782
13605
19675
100544
015676
15266
56412
38641
71321
103838
83445
2512
120514
11142
108423
07428
15596
]
Roles[
00130
00135
0029
0032
0066
00133
0052
00138
0082
0037
]
