Classes[
123488
84290
018754
118424
73028
56231
87120
25193
125356
67147
111534
709
58463
52807
45276
59843
04440
72637
38860
0732
33997
98215
66929
21268
63303
42197
11218
72122
56445
38986
125184
15124
124006
90697
72238
32051
013881
03176
58468
011497
117001
019052
48262
11085
121806
33976
29328
52765
29924
121067
014477
106455
107064
104805
0405
59026
11352
2932
36756
24729
29595
15632
50257
125654
39148
32295
02389
48048
117107
116040
111698
34165
22108
9822
79576
33059
61013
44595
2651
07638
05227
78392
115978
79446
112938
13015
1909
04495
94863
41497
87307
65079
37437
017529
92265
011065
585
66700
78556
66328
]
Roles[
00150
00139
00155
00166
0072
00167
0089
00103
0028
00146
]
