Classes[
28170
65881
16991
04480
22984
26701
13701
106992
64457
33351
50005
018841
104389
98738
7224
24735
109804
93396
104542
60453
7286
4455
015839
77437
43731
117876
103258
14301
749
39231
77092
85234
116776
109073
96835
73105
49885
50094
25664
72992
013775
109363
39174
011957
07624
34340
96800
011562
17469
104204
10620
37434
94309
16272
21430
51461
111860
35889
63486
25868
018960
10773
12918
108194
121974
16197
90387
08557
97864
73759
57175
75187
50787
43710
62806
786
120938
116992
93027
01632
75420
68706
81222
15989
11802
013899
69084
115698
72831
87340
08993
16048
35772
97845
03948
95274
013748
90474
34213
79896
]
Roles[
00135
0051
0034
0023
00173
0040
0025
00171
00132
00159
]
