Classes[
013953
44365
019220
47899
32965
105644
11803
24421
109827
20210
54905
89872
93031
110067
83169
25314
75297
96579
77460
2860
24108
108642
83528
59429
81448
54376
123661
01060
111374
35742
103549
66350
010263
36312
39942
75488
98640
94895
015734
87031
04292
91637
23048
016997
122805
64042
25355
42387
81500
108735
18777
122875
011446
85905
08108
107572
49549
42006
60083
28955
44780
73691
47658
99901
52079
14337
46095
20232
41596
26440
101383
24588
36315
5291
55893
012152
124751
26456
27892
013604
1263
89439
34308
33503
60666
93308
11135
78577
07504
118350
68985
72236
72924
116402
39368
08418
12862
2514
3426
43265
]
Roles[
0023
00139
0028
00165
0041
00103
0089
00175
0048
00156
]
