Classes[
12451
99836
60534
70439
8220
106979
82523
010630
86177
48431
64686
2532
104670
117348
012699
109907
65836
17244
56324
21984
116363
83796
21721
105256
5983
02673
84700
57081
11670
017220
68424
94833
04810
27198
3406
110071
126119
52135
58763
86437
111821
74667
87620
95484
100663
02912
015723
84985
111216
14758
016015
56816
114056
114740
68312
55937
01600
22698
115802
97267
73105
016497
94146
89980
122656
63240
112166
10515
57103
34950
04400
114735
02530
018646
80892
125624
42480
11584
08636
70680
017696
32661
71540
23222
26709
122010
63018
42885
4554
20287
95285
90279
33664
01278
116800
30016
112328
48785
04941
89893
]
Roles[
00125
00131
00179
00106
00139
00113
0050
00159
00175
00150
]
