Classes[
98017
123220
76979
121630
4327
57384
014209
104702
65614
11664
2915
100215
103788
08205
3403
124152
106863
28330
52432
89042
09769
87122
10496
55261
018531
113170
118459
09046
103208
03854
79148
42915
121899
77154
2647
76894
6636
74345
48022
103259
120896
101919
34924
4604
61921
08030
108760
86953
111033
102649
015568
80808
23073
011273
74194
08534
13210
12733
37007
95342
93000
108137
47805
111984
56740
39322
22714
106531
105448
1545
22787
29861
43551
121128
89344
47759
98305
125006
54307
23456
120000
09280
102336
08441
59050
6348
29860
50623
53508
37815
7481
116247
68249
88872
42792
81203
122932
107005
94635
0333
]
Roles[
0028
00126
0089
0050
0053
00112
0026
0032
00116
00163
]
