Classes[
1344
05320
17107
106833
112334
02129
125916
80687
48314
97680
012274
82054
67402
110642
125368
013247
89080
104670
116361
84069
0474
74243
7205
016250
114624
48998
08934
96232
106330
72075
125101
38116
012252
120896
122532
67428
9096
38065
44325
18408
35293
017809
120773
107974
100178
14284
99639
14009
01639
103417
79114
60481
118675
109192
60645
38420
39036
44584
14792
730
66206
55591
125838
68998
21133
120932
10627
74652
9105
5973
116494
23937
64624
84803
48489
96096
50999
108144
32795
34296
0675
84919
16486
5286
115775
77531
42481
111352
101956
07660
113610
11698
64580
80469
54732
53740
61177
117719
44969
75939
]
Roles[
0036
00107
0052
00168
0039
00145
0042
00169
00102
00135
]
