Classes[
27358
104754
48498
120043
61012
33234
43695
50873
1403
94665
07813
122020
94542
29341
12125
018250
02002
87695
60344
42902
23209
104171
76497
81703
92401
101158
52876
28273
96075
3003
123666
548
92485
78374
22417
48660
105815
09036
21104
107131
013601
48953
78665
85651
118302
70715
8993
19600
63166
013976
66309
59834
38631
16172
33328
78694
53004
117741
91328
41641
09126
124472
105644
89715
38133
28205
07086
1155
83477
73021
58140
84840
61459
11959
5464
90861
112158
77983
122114
9793
73898
60607
106138
34314
35674
34791
110679
10944
101481
117679
96128
69047
123896
012239
51739
116708
013355
54135
107476
016794
]
Roles[
00165
00110
00123
00107
00122
0025
0066
0047
0029
00173
]
