Classes[
45600
14499
109143
18820
93504
115335
57432
93430
9388
99635
122091
65030
86321
24088
101813
73078
012638
34304
81741
04977
40166
49909
96844
932
95579
59269
14906
102749
74556
102314
8890
64368
106946
4315
6195
99919
60842
68965
68656
20482
058
11485
03357
14821
11960
11125
13444
22559
116676
100675
35131
20026
45093
120255
105246
99329
61363
96947
24550
60043
104191
93224
119483
44917
92035
50415
20240
104920
1494
19335
63813
45773
92806
95664
49393
80396
122467
115951
18294
105446
77629
04194
45649
1613
40978
59371
108973
25103
4408
02651
4916
14580
115601
30004
56923
110797
102743
37735
118115
11550
]
Roles[
0026
0050
0025
0038
00176
00160
00137
0032
0053
00126
]
