Classes[
123563
102592
38219
53634
13323
19458
56949
34309
011489
03626
33944
25902
99079
12924
017032
89392
65657
57495
44627
0954
017540
62041
104968
76343
56406
111197
64679
78481
90360
35497
01408
011905
08860
017348
80100
71979
96907
11639
10133
111761
80685
0677
71228
3043
101223
01639
120407
77378
04801
57489
55370
109281
118905
87905
100255
9401
89331
74602
106722
59975
104148
81404
102795
4692
44772
29389
81313
74453
50257
57542
74583
74375
10668
109936
017333
125463
07748
115986
10738
013005
83011
108716
110470
03584
1552
101973
010145
18134
111385
19130
013632
126265
45399
51597
110125
10144
36475
92036
011038
64814
]
Roles[
00156
00159
0044
0029
00105
00140
00131
00141
0046
00102
]
