Classes[
110568
75721
2222
5127
53882
15442
96677
62322
30049
49114
101963
18903
95611
123904
119337
03390
017774
106700
04825
35292
88987
21342
84737
010248
125205
103729
47428
107558
108347
27625
77543
26504
74849
83127
7816
85081
5669
42072
68401
017954
1251
66335
108500
86370
38286
118919
07664
19587
44229
42444
103377
84184
92974
100551
109570
72933
97096
4370
106608
125596
109433
19934
74301
24508
88669
109309
86419
16346
34024
95439
74917
120518
103344
99036
54630
107742
66964
55863
35877
89028
88051
109785
65104
81622
99884
85510
014966
116606
122439
123675
15715
11315
011593
86426
37167
19516
56052
09446
86973
65713
]
Roles[
00113
0052
0034
0046
0026
00153
00132
0041
00150
00137
]
