Classes[
45032
50658
50097
12415
77371
112628
94595
16921
119941
92307
89606
109857
01928
97685
78133
0106
93915
015659
36112
09620
98395
32471
08989
16253
109741
125844
014939
92791
66603
402
2141
51622
15097
114252
01704
55611
09546
103274
112172
80797
44531
120275
014843
87390
112483
49627
126064
98204
88528
01141
66434
47455
81459
9883
52092
119636
118526
0629
63237
14466
20054
359
07572
86619
114751
39069
12036
015050
84403
122785
42730
22455
27654
10354
74651
94377
37949
123974
15370
58626
44903
76660
34366
117895
87996
121039
04501
91108
35412
26875
102768
110987
99142
91874
103948
62408
67258
19457
118294
27811
]
Roles[
0046
0089
0047
00174
0044
00140
00106
0048
0042
00155
]
