Classes[
57571
81388
04983
02179
60920
75501
39194
98218
79736
33073
64328
101353
71190
05322
016088
89467
83206
112017
72510
04105
5070
83967
5612
017840
09887
42894
83634
94742
100946
29978
104115
89774
48979
12219
35661
74269
42625
015315
010747
17663
12529
6870
67375
014414
89781
75996
102267
04512
106307
109763
13060
54984
59149
55437
100225
82147
86711
15010
96753
109437
51777
99461
78216
32480
87617
67335
101331
120061
16217
7568
82648
73190
63885
76190
1547
120215
50226
12700
018856
109984
9401
48236
22424
01040
120217
52873
74895
10546
59570
38026
116294
1444
76511
44973
22911
33230
123917
13995
92688
44741
]
Roles[
0081
0072
00178
0041
0049
00113
00179
00140
0082
00160
]
