Classes[
76896
6318
37764
107639
124525
126156
25664
02187
94291
101120
125077
4058
48714
111851
6168
48923
88790
33537
94615
103710
50140
69211
109731
90567
84160
92955
1515
010514
94237
75749
98474
50911
126145
115143
018060
23900
016211
34392
43775
04569
03770
4261
103447
56145
24983
106879
28072
5704
22014
71043
107090
019225
62806
118283
118183
36846
80604
10807
35250
36231
108214
71019
107071
92108
121591
117263
118121
117782
012267
86496
63790
40693
63701
118691
015355
120875
89228
34693
017763
23067
40293
108179
103268
55714
93135
119337
014776
87505
03217
58241
105115
101194
6805
45621
6746
65374
66056
17474
109931
10183
]
Roles[
0040
00124
00140
00122
00113
0029
00159
00116
00100
00108
]
