Classes[
17320
37140
5994
77278
778
55532
99116
015203
110162
71628
63105
10168
92668
0530
27354
3705
57627
16352
010195
81422
99972
110198
107925
010273
10336
06138
18432
110799
15414
114112
34232
95093
91215
26164
52757
014148
16051
29842
71998
20538
104704
03431
08736
78633
125107
109669
32407
015152
19480
84901
9204
015343
60063
77040
08011
105522
26784
62804
12607
85270
117905
122243
121430
07423
76991
101928
81250
54976
115052
57601
07637
15731
93853
72026
88003
39881
1657
26491
016425
110182
4651
37657
12818
36478
66731
80079
18407
41165
110432
65587
124052
24371
115436
41429
37078
103974
74811
85377
100416
04709
]
Roles[
00102
0029
0034
00145
0052
0025
00165
00108
0031
00163
]
