Classes[
93755
75103
11348
15346
14951
77717
09585
15142
12850
117364
19798
33397
100787
117499
57094
102073
010058
59887
02408
32939
86580
109241
98971
123520
51625
015466
17116
111222
60076
103067
50521
011777
23716
43248
63756
74207
3663
48951
41436
63918
84362
81656
36555
88873
38811
015388
98660
71415
107158
7177
38441
92464
014859
014664
795
4220
34632
03089
52658
23907
9678
125579
44513
75244
104090
07209
40912
55448
38457
12296
66077
98057
25619
48553
78550
79835
70551
26718
75442
22565
09687
015908
35052
116479
114078
19358
20046
52997
28720
38319
81904
114968
11749
89486
41261
25123
69237
68238
6298
68234
]
Roles[
0029
00105
0041
00165
00168
0042
00122
00167
00110
00178
]
