Classes[
05076
64639
41165
74664
10030
22380
32973
77288
125459
100756
03960
92604
04229
43184
25164
111479
103064
1134
90027
61231
02911
89244
23580
51415
81958
108773
85879
3873
24155
53564
17444
82147
123704
33957
97118
58855
80302
99761
41378
3751
39033
25126
71933
18707
16444
015066
111787
87705
75450
18319
19722
24906
77284
83257
39526
28994
71654
8684
117322
58133
95966
2065
011268
114148
050
104992
114476
55130
79219
109673
25590
96984
16654
90151
77527
103255
97091
85827
111338
123643
012824
53045
91549
26824
48313
104916
06876
45368
52768
86338
10613
09150
97102
112063
25756
49511
111560
014750
99917
49551
]
Roles[
00107
0044
0035
00140
0039
00163
00133
00105
0025
00168
]
