Classes[
67542
119130
20503
66701
08478
10927
68469
49135
125663
122426
49430
03450
83437
38601
55583
16785
109507
59769
69084
76822
03913
19312
6307
76952
45266
110136
65256
35211
122714
81937
11130
65067
06092
91624
104374
18980
115622
05705
24374
10838
1567
35521
93472
78417
013879
115007
106384
57291
18520
018346
99761
29122
011448
35728
19268
07802
42502
42186
50713
63718
122511
72976
06078
37396
527
115461
113756
92041
22029
47640
88166
016706
77454
24499
012029
74626
118330
97715
15841
85363
92116
28534
120068
61656
11619
10728
83685
13793
91670
117404
89061
28933
23821
58336
017972
09909
016620
63495
82806
111130
]
Roles[
00122
00104
00158
00165
0072
00112
0026
00159
00125
00142
]
