Classes[
61174
21070
50011
109779
38172
76694
64466
65854
123102
36798
15508
32390
91488
39390
73213
101522
59100
1369
23838
084
79476
35184
82069
103665
14603
92803
48167
74122
50326
23374
4046
118455
20557
125302
5981
101668
47506
91479
109958
80591
97001
43967
110508
80584
115971
124521
2486
65059
72156
01573
60856
32510
10246
102815
118373
64955
124182
36854
014287
98925
120020
8541
58853
47416
32306
10541
21710
34601
92183
55996
5578
82207
67469
40715
0221
105433
61455
4815
03750
78654
109203
14001
49853
17672
110302
6580
9628
58599
10318
01469
119737
64408
9267
52878
014302
106198
112912
49066
75164
49505
]
Roles[
00160
0024
0089
00176
00105
0052
00110
00131
0050
00174
]
