Classes[
110821
25921
60675
70529
107570
74811
42293
2339
2324
26474
78275
21698
110585
40400
96847
45622
98509
96245
120842
58699
34930
0289
124909
03751
013383
60168
113029
50087
36063
18124
106100
63275
56556
113158
08627
52812
19443
26252
60733
63455
35418
64421
69187
100737
55215
74352
5096
41488
010243
98242
01230
017440
65411
91195
48810
89222
74599
08721
72615
75478
35410
11784
32147
7172
64379
107948
2079
011936
32324
92291
106011
016605
11189
76837
24526
12594
10321
80581
105818
74595
29271
119252
52055
13967
72248
108184
99103
96752
89405
11963
121752
25703
04667
58653
102799
1812
014299
112319
64001
103953
]
Roles[
0025
00168
0082
00145
00172
00105
0042
00139
00133
0081
]
