Classes[
67105
017346
18859
49321
3231
118719
36076
78108
80669
014806
60343
100754
37013
05328
39216
110999
61009
85627
14582
26750
117311
44084
49672
62867
97399
51219
36804
06940
124516
014507
1416
08014
32683
95567
82400
16592
86634
106610
74194
34619
112611
53375
17660
32527
100351
107330
86411
102894
75525
018436
66474
27125
57278
84391
09981
015350
92743
63203
24618
25484
35696
44964
41049
28051
18840
24826
118102
35699
86283
017711
04502
4659
04869
39544
117782
44914
88451
105929
60934
15902
64969
013846
81581
100799
94247
105085
012077
26301
61837
37020
72623
75046
58166
25744
54869
71577
93352
45698
09036
36231
]
Roles[
0025
00160
00141
00135
00174
0028
0024
00124
00158
0034
]
