Classes[
12290
38588
016825
98423
114960
015695
1104
21333
120233
114575
49977
113052
87675
55241
03673
118242
117819
55515
104475
105442
102213
110971
85315
11383
17712
85235
91825
36863
80757
04097
120859
7241
34553
56344
47548
18579
114780
42036
41602
017437
42565
20980
25032
49072
92269
3153
62460
7147
23167
96637
3316
68838
105359
9483
68798
34997
34630
85562
42375
76700
78197
71240
013464
76647
017003
010814
69164
103107
22440
93297
55507
44620
014555
87054
122460
252
117395
012207
119017
44604
108139
26886
44693
63018
25155
56735
42539
60105
4898
109881
05250
48613
62070
26806
54919
124418
05407
75205
54395
017153
]
Roles[
00115
0046
0044
00166
00160
0026
00125
0037
00108
0089
]
