Classes[
99020
25179
122421
110377
44449
11242
21560
123848
71229
07688
121935
012589
14454
015297
113104
35241
92569
61233
108740
55368
78166
113117
39081
6220
013371
111501
78071
47962
65539
124539
67101
49429
91155
81035
10527
27501
8923
123961
85052
016165
50598
93480
37853
111959
8285
21205
015336
03836
105786
115940
33903
43001
86778
55080
3903
48691
125449
58674
65889
03681
27353
94115
95561
112115
27408
9943
102406
09904
122217
73924
92896
45538
65758
23996
118089
117529
37254
45247
22700
125045
44308
05543
64650
125326
32512
35912
11150
015152
45883
014795
37471
63794
33748
102148
10984
3034
117378
63617
04508
21359
]
Roles[
00142
00107
00103
00156
00102
00122
00158
00163
00177
0049
]
