Classes[
71831
36093
07354
61219
105331
42678
96799
83729
9766
110974
18447
36869
111293
17744
02915
84520
68337
79536
15556
100027
8094
29288
014495
08382
71224
84886
04147
13404
13681
9409
90714
62519
124456
102771
15214
23599
64871
120794
5363
03813
38580
100906
77325
20681
10543
2293
10055
102774
70981
86348
010064
26406
24759
72672
123641
86771
20479
62281
48200
104669
47668
64449
22450
08112
51118
03528
34967
105719
0166
111598
35544
18480
4592
03289
118469
01862
5618
69222
75551
50406
17316
103745
06816
101032
95259
36986
100797
84310
114600
90476
68936
19750
113725
3316
29621
03221
68966
1406
32665
4542
]
Roles[
00178
0046
00112
00153
00124
00100
0027
00169
00141
00138
]
