Classes[
79978
45554
104033
123864
66062
77515
17404
56814
87467
35990
81590
018943
96607
122692
26970
124231
112583
16485
59859
73450
47723
100683
32243
121418
53909
88215
67003
101388
19992
105624
87223
014479
67898
50805
39200
25535
25559
45681
101199
19975
110601
85182
62140
116463
26945
11307
108322
03236
02836
98670
41091
72401
45441
58848
9848
17941
62145
82194
47551
3996
79189
90376
86278
18862
38851
93523
24598
98346
0609
111038
104906
85375
09917
17719
95466
011029
09396
23738
015799
3793
126064
0363
21927
3332
122543
28999
68548
108825
51108
123295
109314
0675
23960
72032
56894
111120
106744
99480
73784
42571
]
Roles[
0027
00166
00103
0047
0041
00137
00179
00122
00171
0081
]
