Classes[
97493
73579
45669
27834
4485
612
011386
107104
111189
0645
84506
113306
75106
77128
66100
118295
12458
35893
101787
33997
61823
4140
21740
81467
02719
33047
8842
61462
0365
78523
05326
111928
09354
81083
13776
86627
116329
71758
12493
113650
88773
12350
11421
05193
99471
01609
111348
015647
60229
82992
84187
62423
010811
58171
19263
21643
3636
12109
78328
10105
50624
18549
117854
48572
13090
81499
125851
13256
81121
102333
37538
38814
21223
01639
40743
03776
91643
45578
61985
013673
50123
110349
58416
86655
49227
07924
03941
29734
5420
20218
124328
53653
19253
45779
06043
16184
14494
103507
105362
73151
]
Roles[
0034
00126
00131
00108
0051
00100
00166
0041
00115
00178
]
