Classes[
63657
17197
117753
66812
93422
27520
120500
63142
104974
19670
123757
80868
111420
110997
44134
108828
63055
012572
08439
85886
114740
70517
15654
71435
48759
38494
08364
109752
36468
52201
12956
119470
88836
85421
88443
61478
36547
017068
116264
63694
59264
21933
25364
106871
63665
22522
39462
107684
48572
018873
11373
72381
88714
43799
69111
64349
78133
15773
2746
09105
116746
789
117702
28027
25202
117803
016138
85124
102028
86179
747
14637
88489
60918
99156
8489
01342
119328
102881
113567
126145
72811
121544
116298
42670
76729
80833
12706
109856
8430
81589
07089
105627
61055
57808
23238
42950
19377
82567
010638
]
Roles[
00158
00110
00113
0048
00141
0053
00126
00124
00116
0054
]
