Classes[
89264
52077
105712
60055
92748
06295
19992
114473
012609
4152
35939
42402
48778
10514
99286
106030
108903
36855
48738
22319
102912
18319
120899
02025
114927
106102
119708
87482
552
51522
09490
89411
77820
37376
60795
124742
110975
87717
99652
46085
41060
4801
91683
014995
72372
120808
27051
111572
82245
58562
04051
017805
17769
82924
1607
08952
77782
4408
56816
29467
115016
26458
109453
91093
103485
84015
54550
116214
77282
113000
74092
110014
16348
114264
1993
35403
62692
86254
105035
37405
17937
38837
22894
33860
7117
58157
63131
03624
41778
58022
75423
17874
013666
109527
44632
67187
68437
60814
6914
012833
]
Roles[
00169
00114
00140
00108
0023
00170
00167
0035
0050
0082
]
