Classes[
97646
120453
03631
50447
70608
27014
08215
38730
83146
015957
93727
395
125423
100548
120218
30154
57974
08340
59967
118075
25369
34922
05025
114681
6057
51188
112826
78537
06570
114014
19578
107931
44314
015776
61813
012596
6569
112689
07113
34953
16200
115836
70899
107821
92229
74355
21992
57068
114360
64874
79725
0368
125562
75037
53038
01529
107080
33700
05369
62836
44500
78682
010561
23655
02743
71678
90096
33558
66673
76430
73580
015076
56725
1737
118395
108564
118312
010595
29324
115835
96480
95470
120266
24787
114234
123167
06177
14166
73589
51721
01410
93650
11076
4224
36809
04185
81301
41120
107897
67512
]
Roles[
0045
00133
00114
0032
0082
00135
00116
00105
00115
00101
]
