Classes[
59121
61918
89725
92390
114220
51635
12868
34997
83530
107018
14041
34424
116699
96334
87583
118288
21368
88330
79528
07815
18727
116144
018881
73453
24950
21850
012895
58465
02716
45832
72789
32462
59039
56399
86729
73051
113553
118356
02439
26478
80998
95198
56193
59142
105214
805
82327
34899
20627
95742
38061
16663
54942
104898
121148
16807
50841
19905
112916
104516
101159
012258
06024
99842
2647
011875
76844
42892
124767
79410
3528
8512
119222
011588
54764
24476
08634
39326
8635
38015
103942
09257
36120
55882
80866
35311
102627
02441
97897
71417
114642
108413
80822
124396
80539
60536
90739
124016
73687
77329
]
Roles[
00125
00171
00102
00175
0034
00103
00146
0035
00153
0048
]
