Classes[
010880
18812
90346
117238
115214
015794
01354
017574
02980
71372
68237
113069
26191
0245
79593
74264
41404
23653
1545
06192
82198
12825
50549
77173
58674
79744
015246
126074
011537
04546
37044
37576
017404
62203
97490
123589
99782
37013
8827
17202
124928
24572
116734
3344
43833
99760
41939
94161
15080
83223
105091
33935
75562
35599
01143
012631
107572
64054
105306
5056
57117
51775
104760
1511
13302
121313
20062
015814
13778
63729
68266
56236
90437
20602
63848
120460
103309
49515
52975
68820
02215
34259
73047
46020
014712
100733
91690
61246
99953
123772
03096
24354
81868
95217
122233
65014
35422
13379
52034
38669
]
Roles[
0082
0036
0034
0044
00165
00159
0046
00116
00173
00179
]
