Classes[
78281
43732
52128
5641
108296
26119
102482
116862
4040
0646
123966
09696
111922
014953
82571
101693
6494
84334
91500
90619
76281
56597
3499
56489
122832
111682
104348
44759
126190
22507
1282
97851
03675
121284
45738
96059
42169
104924
105730
11860
01818
016792
38323
111861
0647
28102
25100
123906
62122
59391
102176
122211
55830
85456
73510
54681
96411
97730
91197
36009
65049
49541
65918
80609
102294
90055
76405
20967
58365
97639
89426
018635
104452
10652
118073
19632
25816
72950
60837
10667
95644
13273
012382
6442
4360
110644
110093
08972
107760
113905
9060
20089
89902
21163
99048
16386
010405
37478
015428
64746
]
Roles[
0028
00124
00126
00113
00153
0042
00110
0051
00169
00116
]
