Classes[
2870
74302
2553
87563
73888
107557
3614
3513
95295
45166
012638
86301
18033
47493
105030
04209
54004
42166
105614
9415
81301
117624
115195
122085
120830
79132
102826
77992
119970
77983
6334
10955
37765
50886
39246
13345
106429
011134
05068
103948
74641
02174
51608
66779
84572
106531
53554
019149
2324
116754
016530
89877
106381
4133
36800
122295
107563
5602
124214
70738
123497
77262
50799
2915
36252
75618
014773
26459
90493
88482
74293
92653
119405
25551
2972
68323
34199
9434
04863
101940
26384
112068
08375
115698
100488
08344
35016
75765
47845
84530
017687
015906
6104
011293
106424
99189
126308
82592
73598
87183
]
Roles[
00177
00173
00150
0089
0072
00137
00133
0088
00160
0024
]
