Classes[
019081
103853
57308
07795
55082
118786
015154
13796
75156
48662
35019
10818
96390
07218
84950
48696
84050
14026
23979
119423
68801
83094
98723
05448
23313
103111
010830
21985
74995
23731
014175
52506
43227
10222
120365
104597
016100
51356
112755
73957
5754
53418
1674
45307
65800
10652
75804
50818
11160
48011
21950
014596
4895
25643
110701
61419
75230
123027
6969
27520
017986
85961
38252
68612
72778
106992
95888
49928
57479
91901
99546
013265
74000
26503
86353
92212
70644
57806
98682
19755
08177
83977
91882
76551
52564
01891
35992
72144
13811
110901
26015
83227
74143
106882
17761
61045
28789
115965
117629
44414
]
Roles[
00100
00126
00101
00167
0041
0030
0066
00158
0037
00123
]
