Classes[
65350
124244
19746
26364
28712
02105
017609
60149
65471
010741
74343
122596
50192
6211
013557
120859
95588
25741
12293
60139
04842
66615
81754
53586
115950
64068
83890
104289
02272
01951
111121
016095
124655
16809
51610
58646
1416
4444
47818
81669
24780
90098
35230
52677
77934
92049
12817
12808
27290
6319
107027
48870
8742
36855
013588
012152
93921
23380
016967
24575
118358
11724
85306
50589
110116
119955
111625
44017
120815
32216
641
26249
38610
79171
94665
108004
36598
9593
63883
111157
110847
47980
19101
114942
82609
017968
15260
72929
15958
21774
34348
07080
56781
109589
82510
120932
77146
84398
35254
07001
]
Roles[
0053
0051
0029
00175
00177
00126
00165
00124
00107
00108
]
