Classes[
29115
02001
12076
106337
63383
107873
55289
53483
04836
103144
107197
96473
99001
75256
77160
18188
116741
40629
16985
28515
87859
20956
01315
98450
18715
36868
68758
101401
94375
02729
65151
015220
98115
120110
93088
87949
60594
50705
37628
113961
104885
34961
98282
61299
72160
118987
21659
77882
34703
49584
102393
84903
104575
93453
34096
108767
37170
66914
58151
81819
71977
111903
05639
54384
9721
37744
116698
118819
122667
79697
575
11567
102016
99439
95581
09637
27897
2490
4054
25259
25955
122528
18225
20173
75110
16745
42459
55434
123340
56371
017115
123918
113683
0937
44809
92768
5169
105378
11604
32424
]
Roles[
00172
00132
00101
0030
00145
00103
00158
0028
00125
0088
]
