Classes[
101057
27511
64954
100521
013953
22960
26633
125898
25332
74249
90752
59896
98162
25014
2739
121444
85097
02910
017754
20014
111472
100212
64942
012584
98452
33618
120638
07545
14098
80210
119327
20144
80108
78480
08245
112962
4308
41075
24014
76945
47842
102318
57166
112738
102157
03317
012454
012359
1936
99988
65201
801
52708
014082
111387
105267
55817
99554
79437
124625
014177
013215
88219
119477
61832
92002
14468
101169
77456
119957
88651
19708
65214
32691
119056
74019
011907
06654
114414
21240
75083
07340
09528
012482
96454
96632
80508
120103
77497
99336
34226
114955
42064
32663
02179
017153
221
101112
96210
102312
]
Roles[
0040
0039
00138
00156
0028
00142
00104
00113
00139
0026
]
