Classes[
11722
017368
08185
66343
13757
86474
79685
62455
96913
32945
99009
91931
05236
102029
58569
73815
61425
013381
115279
84511
100317
3572
101028
12133
5039
111036
07061
33627
122947
101699
50712
73548
45827
014550
118166
86742
116191
79881
44302
3056
24924
84390
116422
011709
17410
125476
98534
41780
120674
73038
48330
04251
28911
8595
010282
86393
107349
8296
80504
75813
22834
58468
60499
34256
67423
9188
103323
39046
89384
90359
105863
7559
74171
124209
12335
81894
08105
105387
115004
42391
013097
22973
116791
115229
66427
6362
124248
16746
112193
92989
93070
74236
115663
102192
120235
107810
32883
62532
30112
110512
]
Roles[
00166
00177
00176
00179
0049
00106
00175
0036
00107
00124
]
