Classes[
60968
5443
113401
65399
52885
108606
115670
02653
86083
76690
03148
105242
119313
88461
56197
014185
24619
25761
26792
48588
92745
086
36410
82220
126309
19681
37999
109532
117077
05179
76898
59832
118351
38848
29860
43772
32559
96434
63457
125372
81697
64363
04902
68794
97785
13389
86461
22623
96247
2138
49730
101446
122476
74436
111166
03529
52650
109299
74544
104768
23425
29159
17634
67324
36105
79110
120795
102640
63838
118927
86745
61917
09601
011280
121256
36938
50577
66306
7404
96746
91860
82768
018865
122789
02
122601
09747
83434
35308
84395
114691
35732
89257
125057
42593
89844
87271
113828
20121
69290
]
Roles[
0089
0088
00139
0037
00178
00122
0029
0034
00138
00106
]
