Classes[
56365
9972
55101
92694
54790
78811
02599
102011
95497
24702
54397
13933
57445
105030
125830
99102
37346
19362
98112
77615
88042
107327
65369
013470
18008
91100
91880
64174
34239
50627
13639
90194
62403
011597
114149
86236
05860
109599
52847
4720
81979
110486
83436
91172
49302
54401
88146
4451
51830
64732
78294
118523
124513
53075
100542
76605
93786
58883
40177
7353
11369
94116
58261
103708
116511
118829
104248
75951
71643
14207
56045
3975
72061
49419
02797
09424
81409
16589
100473
116831
5616
108624
115394
100477
54170
61146
108613
89611
37734
43905
111437
74397
121865
84090
37003
64591
77399
39839
106245
8533
]
Roles[
00139
00123
0024
0032
00150
00140
00112
0031
00179
00131
]
