Classes[
61734
16195
19410
74892
95413
85202
15734
06229
10660
115915
07228
75257
119980
58115
12062
016227
016488
21139
92689
52409
125694
64973
10905
18442
125859
66579
122670
107735
74735
92926
21833
03895
016709
112855
0552
61065
09204
82098
011583
88807
66600
54846
83147
73657
124450
13107
70635
83417
99020
88143
106574
38561
122361
57414
118545
36558
17222
03778
91741
16080
34903
09500
92774
38440
05517
010998
27523
33782
53163
99748
113684
98848
4700
78306
43830
1269
113171
120764
61437
63394
96078
118292
08186
55430
68515
51070
82028
48661
56683
13130
03492
95498
123718
109441
018264
70933
124607
108443
14303
010194
]
Roles[
0034
00173
00115
0036
00137
00130
00165
00176
00174
0023
]
