Classes[
114063
105847
51046
97430
43589
52668
07668
15269
6164
9104
96060
3078
56828
26440
88029
62878
07219
104281
71547
39043
94180
81805
101460
05538
91931
59980
34380
60080
69318
28180
113703
4600
015266
8512
24318
18669
6489
3846
105921
100511
40568
114706
82483
58136
66771
75615
115399
54134
116840
102005
108392
21689
04942
53268
41400
010602
20694
115304
69261
107818
85956
45708
48901
41553
1243
123671
106564
17260
64597
89172
108334
48409
61347
4303
11558
23773
52714
19746
13661
17519
17200
105844
38890
014015
116273
14923
109580
09013
1734
7905
68489
123661
17939
34976
114424
87480
32195
012429
118235
017178
]
Roles[
0051
00171
00167
0041
0047
0037
0045
00100
00145
0034
]
