Classes[
82294
82312
84246
18148
50974
16102
10671
108875
58205
41944
113839
20719
101574
012364
015061
114491
42973
80538
663
94976
015741
81059
81538
87616
117268
66359
60595
33379
107781
74278
04258
7972
23265
97579
57319
82242
99743
19356
52727
7243
2704
4492
105125
76541
35463
07615
3266
05870
56462
12034
109761
98476
82443
90267
44967
88269
121879
21076
59816
24491
75434
92957
89596
105315
58005
59912
18956
36241
8039
113226
08838
32809
22511
93105
33958
11852
07226
51248
75189
53444
35631
113563
110686
37021
57723
79576
10663
06514
123700
62607
121881
33808
6734
5473
88931
1010
26924
24009
23315
24346
]
Roles[
00102
00104
0032
00124
00105
0027
0039
0029
00146
0025
]
