Classes[
71081
94798
55474
86969
73103
8940
13660
103134
6282
123152
08022
36809
28395
111643
04241
04819
58933
77206
82899
110163
10568
7189
14302
100125
014380
65808
57088
23151
017264
120882
94489
04120
44339
50923
35426
27314
43752
59330
65957
114594
91080
016981
116086
92953
1634
013275
016611
88255
011459
35538
50799
78141
67529
65176
66045
98830
015615
80000
56815
81597
40085
56159
8778
95823
91161
35491
108593
1972
7487
39448
103298
715
86589
16046
73937
121128
57786
57381
85704
59225
118780
33903
20778
17203
1182
91734
47882
013036
94710
120935
4137
45437
89582
4122
82389
6636
105751
012981
100878
05868
]
Roles[
00168
00179
0072
00170
00108
00177
0054
00178
0053
00175
]
