Classes[
28727
68744
75394
38074
34135
05462
98757
42556
66039
14257
108049
2926
102270
29121
58104
45067
29704
018978
0652
01066
106630
89757
49875
71556
05753
49157
117483
58695
40264
45113
12545
111126
100555
38615
12102
08080
47636
66065
66437
88396
60460
54205
81355
58680
015310
02129
08837
3018
85131
71528
82855
53784
82726
49083
110599
60836
86111
120064
018668
21173
116504
74466
17765
119561
0645
77209
015855
018411
122819
85317
33615
61712
67528
109401
63902
50449
47561
85829
76273
105283
101828
48588
54737
40308
20096
017104
7699
82648
81929
5004
9872
73219
013268
35012
35073
93530
57102
28612
111753
04195
]
Roles[
00171
0039
0072
00132
0035
0027
00179
0047
00166
00150
]
