Classes[
09591
45197
121997
124843
101513
9669
03712
96869
57136
46012
34947
104242
105833
14162
03088
109504
08939
107211
108408
109227
07429
92246
124303
25461
22502
93619
20435
016160
87686
4541
52047
52140
11467
10865
10746
94123
88814
79076
102395
94725
35251
11073
52806
37364
104901
109969
15685
91671
24696
100670
24648
84822
81787
87984
74301
105272
114932
50756
95454
97244
87408
114778
88596
36295
7633
015850
8539
54677
114291
84750
25245
102216
114668
35908
54020
25774
114355
010330
106281
11244
92306
103427
0816
53400
04598
018070
19895
016030
25485
014603
89732
10472
74384
41002
70905
63832
42656
016473
39091
014658
]
Roles[
00170
0049
00159
00158
0066
00140
00107
0032
0072
0034
]
