Classes[
05904
105026
14731
011895
64553
08211
118071
14913
78300
25485
18117
83539
10317
85296
72160
93468
20676
6508
02064
116625
14980
016596
1402
15689
89990
90815
98496
01041
62088
102496
85019
60372
06445
63926
1575
0277
65074
42184
121344
19828
118194
106702
56245
41036
94801
05134
55495
112915
38592
106874
67567
105430
108949
89727
72855
68295
015755
58933
114517
125852
32159
94036
61336
51422
102932
09006
78173
45472
38985
124673
99673
52896
62690
07188
4491
124378
97518
09147
08353
33051
42123
74979
80591
7326
116755
84892
43497
97728
21534
122801
5585
53119
6286
7178
66474
99372
97873
13352
76361
9196
]
Roles[
00166
00140
00130
00160
00116
0037
0023
0049
0050
0066
]
