Classes[
55769
36071
91306
115645
12389
105660
15309
103189
113139
32869
28070
61305
59031
017853
91896
012334
80840
35364
25740
27099
15130
76649
35313
05943
03394
104338
45373
0202
74226
65747
08460
109200
63883
57561
123398
79530
15253
87403
78049
98000
82689
012578
100478
8136
93771
97952
38588
83626
25132
55321
83263
18441
104427
79848
015239
9150
63246
019120
108563
89810
110639
115008
8319
97344
32633
40177
118074
54803
01609
35360
85398
60312
15609
29439
47543
89732
52127
013244
04260
22585
09000
118135
117870
97770
018321
64935
92712
120573
65851
108994
90077
08017
108390
72143
103695
57610
96270
8321
110362
100024
]
Roles[
00101
0089
00122
00112
00116
00171
00114
00110
0088
0023
]
