Classes[
105691
52707
64222
51434
01680
017883
121231
43822
72303
03224
56753
105740
117821
102592
56942
63644
117910
106091
110602
66356
02837
6170
12996
59795
23355
39456
106638
26708
02703
61110
58052
1627
92698
21713
44283
103781
109125
7643
111816
73374
28522
48354
64247
010994
07081
06143
19285
27344
07453
109799
70577
53516
80795
27070
010255
120259
107229
83794
81109
106231
114548
07602
79359
013125
49477
09204
45529
88748
10389
58516
7473
75807
77169
48677
22882
4271
73826
111568
86459
16781
81416
90533
43578
93527
85922
29026
29365
63224
85019
06359
18249
06414
17592
30149
29787
124468
25493
50894
75824
93510
]
Roles[
00156
00176
00132
00122
0053
0031
00100
00168
0024
0023
]
