Classes[
28962
106819
0433
97688
0104
03336
02323
21177
015605
2045
71925
43606
99012
23840
015814
38780
38839
94522
97123
42744
112061
3766
55261
77482
71427
3601
09549
10293
7875
76980
018088
011809
60131
65729
100743
102655
54296
33689
013730
96715
124686
119540
96990
8496
016319
11916
80187
72479
51973
19155
74907
22493
0607
017288
19146
06220
122093
38046
80906
17899
125401
18939
115893
84575
34287
124463
17282
28352
106496
101682
94470
108869
51233
113993
112842
23630
86352
109874
32977
122696
10450
54330
44929
44003
27628
22126
03011
15398
64717
27437
015212
011353
92765
109179
114663
03245
44481
018834
56898
65817
]
Roles[
00124
0051
0037
00107
00103
0034
00110
00165
00177
0031
]
