Classes[
114684
2149
54681
112184
7125
2295
18715
94361
98726
38062
61590
16049
017085
10530
109175
12930
83296
19755
16983
70605
34024
76666
22675
76945
38069
58548
54165
109483
77754
5689
64342
82500
78251
04286
105623
72592
106838
34898
73349
81927
018634
33049
016197
71197
02188
43359
79723
96113
34580
02615
016327
011769
108468
56770
98387
77552
36837
35435
65739
011390
81808
101796
12868
100673
77181
120906
49673
68677
5161
102418
84672
106536
56942
85860
50719
14113
10892
3631
41693
28005
119579
37249
53779
08545
36466
113125
21968
013055
13424
62325
79585
95301
109245
15233
25036
58009
42365
62619
79145
1830
]
Roles[
0030
00139
00140
00177
00166
00126
0049
00155
00123
00138
]
