Classes[
111815
109495
91572
97987
83051
87597
19329
56195
63352
109984
93157
33965
106993
104228
17031
22315
95576
5850
5497
16436
86007
7823
94632
92005
44132
118965
43424
79183
04971
04402
4746
125541
116568
105073
92971
32822
45535
59324
012927
96420
57441
61865
2527
123177
121526
02103
78677
53398
8279
33875
018297
103050
120445
10960
75097
938
017047
43756
14659
103562
17093
23661
018864
21880
112072
114452
125231
015785
19488
010469
44533
81886
96965
12983
18171
53381
014023
83582
67271
86307
106348
06651
74835
012668
010358
95355
01547
64257
5308
02441
118023
43905
02664
010318
67181
44447
47912
61318
50725
96913
]
Roles[
00138
00101
00140
00171
0036
00172
0072
00178
00142
0050
]
