Classes[
08950
96579
77797
37577
45958
124253
20235
73748
29379
016406
20072
109167
124403
73485
012736
101092
73786
92704
69292
54173
39414
126313
91396
99849
68647
14827
4369
89919
83211
124704
105752
01999
25465
20055
63665
113975
64082
59466
104118
43647
123387
109381
89258
123590
77882
018211
67067
59075
67366
60251
11533
82761
79323
91436
83943
34288
16651
4346
53440
95643
43691
54021
90235
39633
013415
04358
3689
33862
66991
40938
3054
014997
39660
96019
96767
68429
79102
112294
05232
32459
100018
27388
04954
110170
24923
56592
47939
66950
4905
59194
78649
45628
124312
25760
89581
73939
8281
79467
37606
14609
]
Roles[
00171
00139
0028
00156
00115
0066
0053
0054
0027
00131
]
