Classes[
10503
113771
82095
09423
7517
111818
4194
115935
11632
105964
107842
08314
103351
24214
01451
35910
39490
86248
14589
010275
122469
72758
58786
120682
50436
118436
104051
58975
116580
56998
79391
22084
118706
19112
015989
89036
72906
64926
95392
115183
78435
108425
20764
2750
49134
79630
80768
57450
89047
81515
94898
07341
33350
27532
83130
23520
36682
12979
110472
825
55685
09299
0501
56096
1198
79994
90751
07098
42064
7052
14129
56149
22945
60134
81545
98709
74936
103454
121947
94434
29864
116056
59118
103543
88701
54854
101145
61901
27521
13296
32542
120767
011689
62733
7636
53345
49874
77802
45564
96570
]
Roles[
00115
0081
00107
00171
0044
00104
00113
00153
0088
0028
]
