Classes[
119449
15197
1387
9389
2051
108104
28811
87283
19560
016904
107320
68328
013324
63616
28418
07118
111441
3568
75271
06619
51662
75775
83283
22501
012576
09678
102201
32331
23620
32924
47511
26217
70449
85298
11270
112655
70455
05026
3085
106412
53901
83671
018908
04911
16540
83389
23220
013459
3874
20002
0340
44636
121833
1994
05475
81672
112206
57978
100835
92633
111093
36016
110571
74394
52792
107227
10936
92063
101051
107353
37587
12006
30159
04410
11970
86164
05169
61071
23280
62069
08232
83550
80874
013197
83091
25781
87515
84194
116218
26628
04372
76526
07040
75020
52723
73529
016973
018295
16086
32960
]
Roles[
0072
00163
0046
00102
00141
0041
0039
0034
00159
0037
]
