Classes[
110448
88033
122630
06373
15409
28513
29477
126216
54636
113498
125339
91775
95819
39845
75439
77883
09910
61890
49813
41461
87726
7677
101639
70554
68533
14168
49167
61218
22076
121745
62052
71515
3407
03531
1178
35007
12076
88791
96780
011945
89467
101460
11846
118611
07049
94235
23929
59587
18708
85303
73028
122822
37319
107224
70733
73346
72863
8549
66253
09191
121312
111777
23801
018407
58786
110954
121844
18918
15935
117591
94103
23243
100978
5489
106909
23848
03206
114914
126332
78631
25458
90837
013479
101379
016143
116240
94197
71124
20612
37755
52960
58568
94169
68949
17001
51065
78529
45284
62083
018148
]
Roles[
00166
00153
0050
0048
0030
00170
00113
0032
00174
00103
]
