Classes[
11599
71704
55673
86866
92637
24387
18712
121185
23738
51062
75397
38223
67384
83851
018338
32340
03139
66598
103422
0462
51941
42363
12423
67438
57019
82573
106243
334
04728
100784
0926
57130
90081
115177
40533
29299
88384
018042
78409
61130
103669
2151
40567
13421
018288
94410
7201
62281
010736
34746
65376
84363
22943
6504
110475
26316
80420
61874
125362
019061
105425
49438
41589
6492
018401
126324
06037
62313
108784
17130
104982
28520
25640
43804
10840
13819
112993
64171
88462
78217
112132
83511
014707
04304
34159
113615
122347
73189
113275
35787
09548
43788
17952
56661
115975
14795
120334
68287
20420
76866
]
Roles[
0089
00158
00132
0053
00123
0039
00173
0051
00138
0049
]
