Classes[
79764
73170
06652
28296
09487
18240
96753
123027
62506
52812
5872
22198
64487
59440
71731
9939
53115
24974
112295
112913
4851
50372
111295
69213
9298
29295
26571
78612
010894
34355
120852
49736
21443
60263
52879
1709
93836
7800
107938
5825
124291
66399
105508
19135
108161
69199
71844
75372
1094
015719
05750
114690
63601
112895
08500
36034
32920
86115
09615
07443
87060
95215
01439
109583
39515
26050
70768
85407
15781
20339
111283
13596
43369
113615
115112
26433
61298
016274
84027
85777
14583
21889
117904
03316
02513
17525
3587
72417
50760
25309
47396
65408
114813
17286
8812
0898
76866
110735
54713
99516
]
Roles[
0052
0049
00100
00107
00103
00169
00108
0025
0037
00166
]
