Classes[
74019
05653
97261
121967
105301
23903
016607
1969
04443
112810
78262
98429
8035
96198
4631
39294
19319
95880
63976
26811
106785
010061
85725
118944
61558
28195
45479
019083
77788
119028
77846
109643
1208
3169
9611
68962
38814
018611
61683
122153
984
80890
32998
114410
90284
57915
01618
112762
34570
88382
104926
115147
06997
06114
125897
016507
28203
53889
012551
20930
88514
44199
06763
44557
05806
54218
55279
68608
104365
09923
45891
97679
09964
105099
57499
107142
54556
60720
86862
013096
87819
06606
120311
103752
90890
45806
117058
53789
15343
119746
17247
110879
103435
117012
52488
72487
08059
2828
104384
39999
]
Roles[
00106
0089
0038
0041
0028
00135
00166
00173
00139
0049
]
