Classes[
75230
55453
103763
59852
37664
53773
106775
116859
17413
10265
67196
05127
28230
016393
88041
010833
1260
79736
88975
120636
55203
119895
012786
74719
18989
103787
98821
119905
14795
60917
19707
013495
116240
011778
123689
102808
112646
27716
07682
68720
119541
22919
57870
23622
57716
58254
016428
66941
124440
70638
06784
60488
115730
120178
17588
105916
40566
63522
125981
4643
77908
66666
03014
0715
107873
69124
29398
54806
92510
60702
81203
99763
107023
90593
125142
71308
124068
40922
015087
117865
014887
12913
119750
016936
92087
28253
68991
01184
66361
61956
54818
011541
54301
14512
57518
105135
70585
018570
19262
20964
]
Roles[
0039
0036
0047
00171
00108
00170
00150
0052
0050
0041
]
