Classes[
12075
64950
38161
77504
88489
40025
68668
48053
101419
65012
59325
55409
08304
98414
117088
32613
49833
51044
61131
115979
08411
42475
92703
55241
11169
014036
012008
92161
107757
014503
6510
42934
99649
80262
016171
2283
39767
010480
59948
108154
018536
74853
89870
29850
89783
91904
76901
03404
38771
119256
125295
63233
103391
016220
106114
111525
70521
66295
106549
29401
81036
17157
95121
103423
120920
116875
42014
108249
107747
72251
34792
65087
03954
48809
103954
89560
85528
125177
51383
58974
51694
62906
06022
78471
61635
89366
06121
29841
64864
010375
014935
113356
19256
116180
03119
120851
100667
50501
26342
63373
]
Roles[
00122
00176
0044
0034
0045
0089
0039
0035
0082
0032
]
