Classes[
61525
6099
104094
25840
90542
013153
116579
107777
2876
98770
76000
75473
65094
111672
011135
48923
03793
86527
34943
42360
32458
26996
08103
75854
29996
36603
6174
51413
7472
05974
97471
115426
55123
6200
57452
04420
86646
5970
20754
77420
77430
94701
65984
57758
49465
72629
49119
018532
36287
113495
58151
101899
35567
123539
113827
11546
10912
80957
70492
019197
35829
104153
54233
58788
51464
01519
33074
85110
118853
101451
010709
11437
58737
88402
79404
110635
53974
110441
123741
94605
65423
15794
08234
97105
18241
48907
53414
013921
114317
92809
108900
016303
107901
100803
25762
41945
3715
101766
015991
49851
]
Roles[
00165
00169
00138
0026
00178
00110
0081
00131
00177
00174
]
