Classes[
54293
103673
62684
92002
88551
76232
40401
4585
45759
59721
57968
19267
109609
100435
72630
125998
21387
26328
508
45521
68432
78181
25328
29045
79660
36065
87147
014378
75459
3426
89076
35596
66936
103325
101348
116638
55268
81829
71337
64893
50149
06202
010660
63533
60830
43277
105353
4003
22834
74188
88611
82323
113262
61538
7263
110226
110766
728
28822
101847
89183
106353
124127
20696
018129
71909
6844
112857
59430
63498
29426
115361
5678
16803
41015
013156
121858
84524
17185
79944
05922
012059
23803
114005
125400
76356
115714
80404
48668
67156
24521
3008
111103
02360
010058
8875
63528
07748
82358
83982
]
Roles[
00156
00103
0089
00108
0072
00123
00176
0036
00174
00145
]
