Classes[
21523
45284
013675
96300
61919
87040
104144
013159
44461
016878
11316
71873
90416
24859
017498
104016
61659
5913
93145
84929
72708
17605
016634
50717
23834
13556
28586
45790
124380
32094
95251
61482
103039
80113
64294
36850
86343
74474
90684
016253
58999
60610
57639
52204
7207
119355
3813
95696
6118
018852
80353
21438
123195
27194
21015
12414
46110
48061
17294
103277
101362
107965
36445
63603
121025
18045
08231
014937
012563
121263
114046
58863
116782
015399
33536
14802
121735
104569
45590
121199
110091
06359
54801
4894
19254
36347
78647
39823
33598
7734
55148
39649
89069
111618
733
35614
42571
34474
101836
19890
]
Roles[
00138
00122
00107
00108
00125
0042
0032
00113
00133
00103
]
