Classes[
107213
53829
107808
75041
15956
59254
124129
015367
60850
57078
22319
6206
77437
89860
05207
25248
23651
21894
47848
79764
74891
115366
42111
57857
44658
55549
125344
012603
80750
28995
33462
010939
116425
09647
106515
39244
15546
8944
54194
114027
0149
55695
104649
016175
19233
60402
014507
42728
44197
117454
011237
105549
35936
113115
27329
48358
41675
64865
105590
87382
010243
54165
2706
94959
14760
29967
66640
74402
016164
111658
017259
9337
33799
95173
89157
88857
117247
49766
122810
75057
48349
45173
61045
85999
33641
71971
119212
76375
41079
76190
38131
35358
53305
9316
118820
016724
018599
21191
50996
45539
]
Roles[
00123
00176
00114
00133
00156
00170
0038
0024
0082
0027
]
