Classes[
99986
108897
26546
66693
07658
70814
71556
112166
15907
3084
28678
2551
123267
113433
4087
08121
15077
34320
81485
89815
64089
5965
69057
73071
55734
122529
108842
26443
85637
25451
015227
193
03757
010129
100249
70436
8334
59331
81547
25228
22186
74243
14658
018541
72498
119733
03640
82367
51255
22569
60583
88007
101648
71186
116876
91932
013228
59475
110858
19703
28852
17366
5237
55090
50650
0828
70934
21714
117828
42861
103620
64641
1520
107392
13631
54048
017941
99011
18167
88092
120092
68339
57197
98056
82661
16895
88595
94795
65537
111030
7032
14108
014097
122309
5148
120953
51243
111009
63055
43856
]
Roles[
0047
0029
00140
0025
00168
00142
00131
00115
00176
0066
]
