Classes[
07364
107018
79118
010803
117444
70758
88221
29886
72612
68666
27964
43683
79427
110087
57904
24900
19581
118451
95458
41195
94775
016604
106448
52400
15342
44258
010240
208
122308
97702
21865
44311
36251
22382
123305
103253
62731
64415
01981
122612
34669
36996
29042
41537
40419
123736
12836
95640
14998
101210
88885
103010
12548
63449
85945
69153
104665
99765
016629
59630
90619
33993
32988
53948
105453
119688
37482
96518
05039
0819
116309
26822
18644
20669
013414
0704
116248
103557
09602
112463
11873
60215
3435
36491
0891
104290
012523
63210
11538
116049
80586
45394
75944
115669
05745
53282
19825
125146
28690
15884
]
Roles[
00153
0047
00145
00112
00146
00139
0088
00114
00104
0035
]
