Classes[
27164
37875
22865
103201
23368
97750
06378
01773
52145
106298
017536
09553
01307
81024
76608
76530
34182
57446
24825
80602
39521
16082
43700
62058
38281
112777
110287
86621
65501
58522
017337
89353
76869
125486
20280
91554
02937
85133
121850
11902
018670
99948
41365
37491
2369
116565
11889
37244
73316
84959
122539
67274
53977
08766
05744
100896
88241
104898
79402
29106
118468
111222
4854
06295
12918
78499
39657
06677
106674
012287
012683
79697
55312
012157
3988
58607
19070
83944
015314
06899
105746
98835
23882
67000
56623
64853
15903
09787
55875
121698
117374
42228
28380
25174
4444
38909
19234
07792
36162
017336
]
Roles[
00122
0089
00138
0051
00177
0082
00116
00124
00165
00126
]
