Classes[
43824
55886
13845
87040
017245
101631
10432
1299
81228
111015
59090
63851
120154
61622
37803
92534
015820
1014
107244
107752
10078
6367
87819
0543
20266
90842
73962
116574
06157
14457
01574
62541
122839
04735
88405
7694
018688
103143
37647
13215
45003
73537
28532
10908
106930
98013
64883
75897
66448
05180
32227
32581
018015
98019
71582
111881
85227
55653
79268
106683
37906
75047
93476
29068
42458
119671
86684
7990
27746
120178
99592
42095
102968
05489
09655
118956
27811
123050
75395
02622
76749
0813
38836
28589
016930
71450
017329
106541
68288
82981
86618
06540
104334
61932
43611
011206
123270
121962
9703
87189
]
Roles[
0088
0039
00104
00132
00135
00131
00163
00137
00166
00110
]
