Classes[
113303
84140
49647
78299
56944
01566
016202
85106
99295
13645
82798
58351
108038
40782
41779
57480
57363
119048
32136
74550
25971
20851
103831
95442
92568
50530
103626
102024
117848
93038
98163
03189
108838
117336
64907
74284
52171
111887
35609
1787
83874
78595
58748
39571
012947
96193
79637
08471
24800
809
13072
13554
106495
15340
108950
19855
05403
34181
011203
38943
25647
64899
34448
011622
97687
22659
017585
43175
78415
011236
1083
100197
83616
3653
18971
1793
45149
88878
5995
102758
125999
21973
86940
45289
66157
84114
016313
1011
53351
116846
11522
7334
22675
04130
112248
112709
52721
19056
014283
05093
]
Roles[
00155
00124
00173
00169
0032
0030
0050
00130
0040
00112
]
