Classes[
41980
05717
07408
75848
100666
37138
65841
10962
018872
101863
775
109158
20804
29489
126229
01146
26450
56423
019191
52570
18518
018440
35078
83575
80244
88945
100485
87066
019041
48317
94122
39032
015040
2865
64827
43432
119972
34750
50092
71646
97921
21492
07735
88913
22005
26861
87632
86567
41126
43878
015354
59525
60400
91305
86401
121485
84637
117400
85086
19688
51775
012718
81431
92854
114882
97027
70994
16783
115222
119285
02617
114716
88545
6451
018250
112782
49677
22287
102289
01816
91041
105669
26010
13140
012744
3017
60030
115970
124905
106415
11906
108362
02311
54661
90869
84042
94016
014748
86928
108787
]
Roles[
00175
00142
0054
00116
00137
0066
0047
0038
0024
00115
]
