Classes[
76423
50795
60246
67021
57973
010755
38543
49324
113486
113556
7693
18603
33886
15300
77013
108121
83158
17915
54645
91681
109113
35158
98074
23654
28625
87424
118240
66918
123951
51464
21054
52035
60262
03952
54834
62215
49761
7229
58663
40398
37713
103367
18166
57136
02646
11579
76564
57109
119099
98758
23220
55982
45325
59885
15036
012178
54650
15973
012163
63356
102161
017949
13503
4656
113170
77626
97401
43893
108923
107757
107283
34671
114406
72544
87992
77946
16906
553
09120
30142
29544
34397
22229
59883
6633
14865
014328
014966
62996
32293
72394
109116
65011
11280
017675
99377
91583
45707
44515
08287
]
Roles[
00124
0037
00172
00100
0089
00116
0049
0025
00110
0082
]
