Classes[
3615
014856
62919
0561
018161
90835
20473
03725
012986
83202
06833
96812
60689
124572
73718
32513
74224
56078
019029
14397
37595
44441
123415
97156
0679
43552
014241
107203
21703
07998
015374
81037
90671
26059
7804
117768
98308
79847
41730
22576
21316
121494
94247
16686
4001
118106
014067
34066
07654
73517
13002
125313
79128
93813
43791
58133
50695
27640
1231
81656
71546
26991
94082
56215
01809
80444
48454
33318
101709
12142
16570
62929
125593
29090
77042
90746
06113
08169
124398
40567
71467
03862
17420
53749
012328
5087
52812
38880
91632
81325
55776
10089
2053
97945
120887
92584
016478
89197
69123
013420
]
Roles[
0066
00150
0054
00110
00137
00132
00100
0072
0025
00169
]
