Classes[
17561
015016
61410
11813
93104
116508
80970
106468
101343
7896
63650
77650
91561
09463
5828
110266
122261
016657
16038
17450
47959
97336
70934
74734
98119
97899
19288
112209
65049
06373
7249
113302
19404
22827
57150
71376
100249
57114
81982
11107
37718
123683
51696
01188
9374
58684
84195
40647
5128
015828
118595
88669
015358
18447
83159
51634
2555
06476
110065
19732
011317
20899
12421
124493
75129
94516
22476
39481
96136
92273
89330
38970
56132
28533
108620
101602
43887
65843
71672
68958
81442
014314
54919
107088
120055
97421
112734
14758
102678
50287
09455
45547
52496
41857
121355
50777
97593
87374
84154
6571
]
Roles[
0042
00115
00175
00169
00165
0052
00123
00178
00126
00116
]
