Classes[
39268
94224
33176
26679
3586
7263
15685
104387
20548
117686
115409
102033
018074
016457
34224
77089
6357
101508
25018
88107
10576
88773
39043
23637
91986
102418
89133
59343
39711
72430
51551
07606
07091
71676
21281
121892
42042
73340
016761
73509
27090
06881
86145
119722
40279
75729
40967
88426
01104
110686
16636
123693
2721
01567
92747
5590
62845
07694
272
09742
77440
29504
88940
54943
32583
5023
120774
22395
121381
5657
111384
60717
108207
50668
38729
71591
80239
78574
42359
120998
39192
103323
21226
119821
08859
93692
19674
82955
03874
6570
75156
37737
103800
123897
49139
16132
111984
66272
38847
18172
]
Roles[
00110
0049
00125
0035
0088
00174
0027
0054
0025
00169
]
