Classes[
68419
101838
100220
90047
1877
66862
89534
0244
44475
76052
012522
35624
112576
12080
110569
47599
123009
97660
110978
112262
70499
83151
09803
86898
014179
18355
011099
119791
45418
44843
11955
015856
03536
120431
68702
111276
65648
84931
79280
27612
17707
111762
124044
39137
09823
20491
122204
03006
102101
013929
111044
98055
21247
49673
18696
35619
014955
74063
26922
90578
8040
24666
010641
1411
18837
90170
5749
65893
06491
09954
108611
91742
6901
59315
32936
63489
10518
7469
111744
102277
2473
29764
43448
63837
01149
114332
59327
28256
87381
25263
17773
07542
26947
52315
017391
55909
29441
68441
118642
97105
]
Roles[
00107
0042
00171
0082
00125
0081
00137
00131
00150
00159
]
