Classes[
23673
19921
38944
011074
017249
80694
85784
61934
72577
05029
59412
36243
45753
50833
105635
121154
87401
68340
06021
97456
24765
23529
59892
117650
17691
37198
21256
32808
104078
25742
109549
66124
67450
0588
67196
35379
95398
5998
37976
76235
58102
04256
15689
09068
019064
45086
5461
107517
52390
47953
64898
13259
05407
23940
49677
43588
36094
16565
3798
89731
011670
99802
86775
08353
101001
73223
01230
96266
125709
99885
96515
114757
013908
109506
119025
15125
9675
14746
47437
100999
010732
9864
66747
27241
37681
29686
28926
116227
99820
18432
96936
51405
54871
09030
118379
62583
57117
23235
65051
27767
]
Roles[
00133
0066
00176
0089
0049
00142
0044
0045
0029
00126
]
