Classes[
105139
49865
05439
26843
63264
017493
4896
14705
9116
17142
03377
82764
87909
50568
35981
25610
28906
55386
08921
29012
01556
41536
102825
08916
36805
112435
42578
01797
05350
40104
20751
21065
21232
89552
08260
09177
122575
2487
105458
73891
3878
21623
05728
47402
7589
57391
117611
40589
86888
04115
0714
8616
26832
99642
94856
015152
56688
24007
56895
57862
65508
491
113230
103539
53274
8208
86563
44734
102720
34474
124603
90318
02934
7176
06910
50185
018134
121106
66223
122103
102677
115631
11700
09968
109758
107430
11786
105283
35346
05833
015786
03507
0647
108681
44616
87022
1880
7118
82841
125138
]
Roles[
0051
0045
00163
00155
00140
0039
0024
00130
00115
00106
]
