Classes[
26735
02580
33101
45592
017260
12923
106605
125989
125025
106725
38133
96559
83730
27216
016227
28555
34936
33015
115170
43526
34362
88753
74634
43243
6784
71168
02500
03218
07780
85449
36920
010048
11854
22079
28071
63093
42580
0517
39186
27002
119911
51943
8702
115176
45474
20020
41780
26395
52827
15754
69223
018452
86152
113877
81348
39310
011333
19365
117049
97705
28236
50866
11107
115317
47672
98569
01732
07137
63424
89557
36469
115657
89028
99495
38212
118847
5743
76768
52520
013927
113260
01055
41834
60706
50487
10857
02543
34666
7629
11289
104214
5766
76507
064
19001
123095
94391
52065
22979
114999
]
Roles[
0045
0089
0024
0042
00108
0031
0047
00107
00116
0088
]
