Classes[
97207
04162
24659
81858
89165
35494
61302
82766
15975
96314
33879
24187
84440
10031
8909
59529
117059
73672
817
91394
54382
118921
82968
10820
37701
59391
59081
79949
017843
011487
08076
100571
23630
57782
114039
121512
124004
34668
4995
17489
03291
56270
37099
40593
71946
20372
68831
47510
83886
103368
25891
05962
91126
81680
36053
461
19595
42954
37727
96895
49072
9580
116781
01984
123073
63194
019089
57089
84803
05782
65799
51744
73925
81617
81573
44997
44384
52887
01033
01582
66075
62866
65057
22208
123402
20506
77527
113404
4376
63713
015925
74954
5654
51857
10023
6646
06373
018823
100601
51504
]
Roles[
00165
0041
00122
0066
00102
0049
0051
0038
00178
00175
]
