Classes[
115463
97450
90454
52261
12515
24104
15451
72376
83289
100868
50545
96431
010103
08568
16937
49604
106081
018449
01102
67559
92493
0442
6334
5818
52263
108532
014248
10415
012491
5489
115707
19052
115734
013745
017023
8630
113996
3429
018736
75699
102907
91501
114662
94282
13488
105810
76073
102438
102863
0336
73670
36394
124863
63853
56294
015242
75704
90844
03577
47744
111135
79701
10764
74295
011479
12051
61739
118877
06680
86977
114866
017697
49943
91403
010027
24536
27526
72871
29505
84301
05207
71559
29769
18490
15342
110276
97746
018549
112919
94873
92543
012476
107520
107808
115714
104677
120884
03840
33173
16643
]
Roles[
00155
00171
00112
0051
0028
00100
00126
00130
0072
00173
]
