Classes[
019175
109437
015918
29044
83558
54874
04476
45462
03236
115834
24290
01523
32517
58728
78770
18683
67437
29259
103995
92500
43782
50327
3683
94811
77726
04022
76767
15541
016191
65532
111834
43636
016649
67537
64448
35381
05345
013008
117391
111017
119829
7694
44077
76173
38401
51300
80293
82791
112254
14134
95940
50232
106419
9838
26071
26380
112220
20003
35734
59505
98479
125565
115708
09796
120133
21000
119789
54857
120964
85115
72150
117674
0195
66566
14761
53026
17996
91478
20489
28864
69169
87925
106115
17608
76111
104646
34283
53816
6115
35009
76739
45536
49297
53698
04515
25544
100603
27787
08229
89591
]
Roles[
0032
00112
0031
0082
00172
0045
00122
00138
00130
00177
]
