Classes[
39455
114729
42549
52332
125174
87424
73581
03456
73265
51192
2666
96086
47538
94590
116983
13748
23944
93067
63267
89344
45286
50373
08119
08607
73284
119653
49741
121523
110923
22836
73861
19427
39376
87586
33806
97758
92328
122194
07399
78840
13706
5993
92692
17710
115618
81504
3809
013001
119628
36834
05704
108312
18960
18082
113291
23558
80462
115487
105839
114246
48574
119420
21240
5893
120165
125718
07021
9475
22335
03627
40161
107402
018466
77314
47625
24661
108245
36118
01819
61750
51067
4229
49974
64081
03247
122787
18255
61853
02383
94419
108717
40185
20625
37700
107744
81775
34907
47590
013873
01682
]
Roles[
0045
00130
00174
0023
00169
0038
0082
00171
00153
0053
]
