Classes[
013026
89674
19105
015437
67463
104829
69159
124358
27225
17349
4034
19031
24815
04889
39228
100386
106579
101571
38860
92296
15973
74647
121796
019124
28444
100571
64782
47691
32739
27212
17517
107560
61770
04751
09111
71943
102149
98540
14563
87564
015333
114218
13211
28333
83657
27161
013963
38647
96321
52755
19721
13904
97462
010587
105939
50152
36717
43921
015911
78570
93112
118819
125292
28677
67217
87102
14998
36976
89678
25210
07939
114925
125520
38243
49445
42042
36602
106065
35702
014243
77949
89881
93920
1057
115709
57703
105831
59538
28292
14695
76548
53672
73551
42048
12880
81917
48190
5263
06530
09299
]
Roles[
0041
0052
00160
00156
00122
00132
00176
00153
0042
00140
]
