Classes[
60559
15734
54242
114104
54657
73720
10619
59622
011009
84817
81963
123595
98970
97328
017683
82473
42513
114928
75648
61507
111834
111420
18874
11395
76636
016444
07880
05083
61816
75205
53150
62563
51483
04886
59427
67294
87743
89753
23417
05483
013578
43347
0147
85162
43329
115718
103686
0208
53159
116482
91856
1594
28734
27911
12295
53442
93115
016525
91934
05661
07288
58650
40465
115315
07322
36087
79476
54095
3392
109929
63626
08180
27531
76089
3100
09065
61718
104758
5619
85335
4412
125121
21162
78195
44856
58817
110740
25272
60790
08854
90673
116183
37561
113314
37374
45420
103814
1324
88114
124538
]
Roles[
00105
00114
0049
00112
00177
00173
0088
0053
00172
0025
]
