Classes[
104629
92194
96599
120798
50444
3511
07624
58277
53206
015117
25374
20932
55588
114918
73846
120462
115452
017260
98565
84537
54752
109283
99503
25538
80044
44060
47391
71544
115251
32443
11591
56292
61947
6421
74605
45814
9743
84686
74940
014775
113663
104657
51275
15373
55436
6432
27407
29217
71035
114397
4311
29255
016621
03536
36229
102990
79308
98603
014473
82540
100897
79798
105176
82862
07427
51036
82391
73123
12485
22426
99856
63224
0383
98316
09480
116981
99416
103681
24848
012096
11368
018406
04844
107157
013296
51584
015214
120198
123471
77907
48019
34031
18155
90859
28537
53848
48804
96514
101762
120775
]
Roles[
0034
0035
0029
00158
00165
00107
0025
0038
0054
0023
]
