Classes[
4634
44501
26125
09702
27242
93783
70921
96252
9767
107224
77020
40978
72489
99944
14845
86098
06532
76720
122948
125329
21966
51270
93351
74161
91858
115030
1250
101227
49149
22743
64246
105192
59369
125823
012643
18608
51420
106149
14377
25813
1238
78297
98541
18385
43509
55231
59891
7000
100745
014067
63248
119715
94146
03605
53570
116611
98809
56373
70537
27612
54749
74452
37678
10375
019257
5826
82418
12579
61194
88641
9433
11558
013783
50920
16966
52904
8964
113830
124161
84977
103428
73421
60719
48969
41256
13179
03680
85603
010035
71754
03856
18999
07317
05715
85376
41718
72219
05031
112506
45341
]
Roles[
0050
00100
0052
0045
0025
0042
00114
00169
0024
00171
]
