Classes[
018514
56084
54046
25988
01939
12521
012184
103701
45791
13329
6565
56404
123723
58181
018618
9536
54587
115583
36042
015671
257
114390
017543
25630
42579
36138
65316
87138
3125
409
72564
123212
016081
92843
33936
05197
65099
017450
59133
91514
87104
112416
25106
11386
015517
017461
50607
125749
06039
18989
01489
95720
96892
100526
19413
11969
73339
101717
05092
45751
48898
70539
89161
26338
99011
33601
88637
34489
71167
84163
869
38657
116025
103595
66271
5923
123980
03903
84422
60219
96941
90680
08563
112168
04837
55119
40014
112704
85432
60966
1251
16882
24318
44001
014419
82519
82364
56650
34486
66652
]
Roles[
0028
00104
0041
0046
00168
0081
00165
0034
0025
00178
]
