Classes[
22334
90965
114256
89535
17602
102416
91186
95726
2013
20026
11342
84668
15779
88965
122826
87172
12496
5185
124878
109022
3861
08860
015832
88555
42600
6606
73639
89824
11077
014347
47632
64072
110728
113073
114458
48044
13558
89549
2379
107326
014525
123940
34140
47936
41487
107262
38602
61086
97164
014350
3588
106630
75851
61288
100732
100106
56871
72283
76778
50142
73325
116554
25294
016465
36302
54202
59213
013108
85342
59853
10543
106334
111904
58272
62890
53405
65826
013656
111887
38508
51595
122693
62339
58514
93116
62288
19457
24604
26459
26166
109913
13790
79202
72671
06810
09985
11032
111143
27341
73352
]
Roles[
0027
00179
0044
00102
0029
0032
0089
00139
00124
00112
]
