Classes[
121625
89163
73940
70719
21624
011216
09390
108269
13015
91766
62626
08401
125643
06743
98052
41190
20712
590
10127
28498
32826
95600
112564
85393
117066
3855
75768
73304
015178
017042
58203
94614
05030
018323
12887
014126
79104
64992
28334
93986
45449
82784
22718
29517
22214
72707
12643
11672
34852
38014
09639
07995
2984
11443
99948
016630
010742
93787
54079
51883
120049
43171
35362
71732
79700
8042
124178
013373
07101
08287
125867
92811
54152
114005
116210
74078
66101
15002
32067
57942
010244
32489
017681
77737
012624
35755
26985
49862
47614
58399
24846
03453
49879
58218
66188
56338
89712
85690
91204
48748
]
Roles[
00110
00160
00170
00169
00138
0066
0038
00176
0036
0029
]
