Classes[
27235
94866
104785
02397
010386
87385
15894
72427
11589
42468
2225
95406
0238
99713
21603
105994
04968
97725
82904
04629
91389
23828
120529
7554
117989
118281
016430
110554
101866
13317
68773
6723
015745
18062
120536
112614
20303
3682
120778
46117
13261
55915
86990
28534
32794
68731
11556
101467
34022
51724
53114
51056
0143
50162
14898
24037
016421
011821
50795
011776
54359
101982
18737
44343
010571
010591
94372
52655
93208
110234
95088
28704
102784
106307
91344
111612
34153
95369
75647
71505
37637
94214
105915
109524
016724
53707
115440
011903
3325
119499
84916
64635
33009
24911
24955
59268
67024
53346
51854
112537
]
Roles[
00167
00113
0026
0035
0029
00170
0047
00165
0050
00112
]
