Classes[
013015
81229
39686
37267
14594
68477
106010
73867
74722
55212
74171
65608
101868
09201
96680
45714
61279
1334
04118
347
17835
04815
57606
54041
112405
79992
87939
10698
77700
9687
116294
26049
91144
3368
13934
01923
12099
40820
106451
4048
98129
124875
7121
2382
67430
110854
0706
112840
77254
16651
13592
113005
21071
37182
014953
53374
110311
115484
58908
40392
85715
108959
96179
19063
35566
06467
45698
13776
59538
113164
88169
58097
05887
20735
89749
107613
20892
120951
16014
15119
98757
125057
9299
19317
97546
71853
90048
95294
120835
78062
106021
89839
116793
29442
92122
58736
014870
14947
119892
44200
]
Roles[
0029
00165
00153
00135
00139
00179
00175
00141
0041
00114
]
