Classes[
11548
01354
44605
65761
59180
3168
65044
5872
60930
91305
07234
106154
33014
013976
50481
56335
68838
79664
38194
107974
1275
106504
70977
72390
85321
17767
122576
91632
3026
25056
29048
88886
110345
124321
76364
1442
103009
125906
014955
69044
19810
113162
115388
109051
46070
22467
74861
3776
121764
123165
62943
1180
18794
68244
07998
99120
40532
114777
41093
2496
101818
010829
90551
09682
017114
66690
120967
7816
34722
13341
51834
66854
57175
66381
17651
40968
90839
122070
4461
55222
86575
27677
125510
61741
73374
05632
11021
92403
63820
37846
015877
88977
3204
122602
93552
34176
010011
6391
13840
16305
]
Roles[
00137
00171
00110
00108
00176
0066
00133
0028
0047
00174
]
