Classes[
125064
125169
27185
120020
120563
123023
04004
28935
614
35213
99395
80302
018618
54785
015903
81655
116371
03598
011415
3279
04135
39822
115549
4147
23815
68598
03509
16895
16624
121500
77865
02526
64548
118362
71408
108366
6812
117311
62571
01973
06475
32222
52379
34294
1875
11076
76360
02989
102500
105158
32330
04650
09300
115919
36191
2835
39145
110917
9494
17114
36891
39119
126094
120669
86667
18704
37858
114712
77131
14006
15259
117542
04556
124303
103029
04345
22194
60259
54919
44887
79536
122649
34334
010842
110310
22546
1676
110109
017921
108060
1132
123715
118769
11706
015717
49221
93274
2417
28601
92099
]
Roles[
00169
0046
00100
0041
00104
00175
0037
00112
00158
00170
]
