Classes[
100988
9279
39211
4801
50432
68307
121186
77607
80759
76077
79718
28962
51310
66468
64816
96137
016131
80662
104061
81731
32114
88322
97434
49533
9242
019195
8591
107072
53542
93597
84013
75764
64787
39479
4760
73687
25205
114415
119912
29648
73955
59333
7752
48467
74264
016630
49707
29133
33597
60742
60897
115866
19901
53073
47788
43242
26645
121819
114450
91916
126314
20949
123736
1301
65945
51429
22568
12928
87421
122724
04101
79124
60250
73905
64601
111624
014442
83620
2076
40727
010285
113914
62462
79312
119108
49848
120879
6186
108444
44865
52672
39237
64473
04144
61940
35755
23337
27413
91499
3695
]
Roles[
00159
00158
00172
00106
00114
00101
00137
00156
00139
0032
]
