Classes[
82557
7708
65488
89400
0702
101684
77083
124217
94165
117381
23428
8502
91121
011524
48271
35421
56740
48717
39148
93007
014107
74821
4919
88016
122501
50536
87795
12969
6836
44256
32976
1795
94727
50560
37287
94905
62313
99843
74446
35414
17466
57844
84664
95260
24651
119141
018203
28077
014259
5379
016299
101062
60305
55942
26578
104460
38589
77329
018334
101049
50737
75714
93994
0429
107129
07260
84423
125301
07408
29846
43712
73022
59911
29567
118754
22044
11818
74059
29883
77365
12655
32526
126041
4839
514
123751
015367
36278
11278
19454
34501
24359
82883
64974
21820
75771
96140
17095
17757
126052
]
Roles[
00138
0044
00142
00170
0035
0054
0027
00122
00113
00105
]
