Classes[
51804
37156
45152
100765
110861
97210
101480
112616
43801
14785
2698
41998
56693
016100
19969
37017
015143
9974
0661
53869
113151
83859
26497
19860
48729
52699
83068
015779
115547
99524
36885
124065
70688
99449
72992
40036
50091
17667
108082
3209
35102
8289
57991
42543
56471
010692
8878
102499
36056
19521
011649
32479
111334
07393
013882
110327
12968
2404
7958
30116
105701
08164
116264
104471
84764
91603
82435
117357
59870
17716
82966
13848
60928
57685
014914
55554
117521
110995
115638
25681
65769
25455
05895
35616
119568
117177
05457
4688
28681
92900
99086
20104
018558
65047
107483
15597
73780
108740
23067
24107
]
Roles[
00150
00100
00135
00177
0052
0049
00172
00125
0046
0036
]
