Classes[
108440
013308
66069
04228
60007
121885
108974
015081
82741
93727
71704
18525
6874
108601
06595
015766
29086
100317
47576
3955
014637
018000
82568
6539
014863
118416
50650
29960
38698
99177
50773
29294
010680
42569
93205
100296
36104
11167
06130
53676
33105
62440
7068
83386
96781
21833
98143
38857
38181
1805
55352
13040
7657
99684
119877
25500
99696
45469
22753
80168
93656
84481
87424
76080
32556
608
013262
59090
30156
56082
8975
34324
0790
97186
90452
72869
60787
77484
89675
56476
61757
10705
4840
61435
120571
95106
119079
2447
012903
15385
014599
64116
116300
92166
66553
77083
75582
112858
51333
010545
]
Roles[
0035
0041
00115
00138
00153
00133
00172
0024
0081
0082
]
