Classes[
117019
42238
0579
2080
86856
91336
80952
103524
56245
110477
57574
06031
64107
90634
95394
88503
49517
42323
04497
22317
61352
017034
114331
18984
8672
77429
03157
86294
36065
102467
117656
52180
85321
08707
40444
27924
42047
101363
018062
27530
114748
39911
97162
120819
012551
88835
35383
84732
53438
107677
70525
05067
64067
83711
04447
69286
64014
3235
017019
10346
26599
57537
78162
82184
93265
59587
015511
52916
54988
125331
88589
085
07410
74858
97560
109972
96519
93135
52288
118050
73572
17910
121789
71364
62890
124603
011928
1432
48329
431
92796
113664
23020
05480
017010
117377
81653
93999
109528
79169
]
Roles[
00135
00104
00130
0052
00112
00108
00171
0035
00179
00101
]
