Classes[
57713
88714
96659
8925
120382
49262
81211
13755
92528
55667
04877
011320
85924
58814
86482
105014
108916
08524
52625
16484
1072
42945
09598
64336
5147
1459
110892
96054
20850
01772
42101
88316
103564
118094
9233
11840
34987
78269
101586
04642
118650
33425
4204
07828
116634
10244
124726
83631
017063
115890
01166
85185
11001
37524
108033
47477
015547
013220
111930
016884
71808
51087
93093
126090
99800
62711
64309
04914
29178
44670
64503
38101
05502
557
37201
123227
016134
38009
37174
83604
38219
100659
014115
34352
05106
21567
39170
109296
70557
80253
53677
014941
74777
20590
64160
63005
14547
65282
65093
014639
]
Roles[
00146
0042
0072
0036
00126
00113
00105
00124
00167
00110
]
