Classes[
012417
59198
17561
70720
97836
09043
43742
13614
5112
33665
07236
04884
112718
80769
53892
78327
77439
34914
17304
02611
78354
20300
18809
76376
015082
104321
01269
51788
113939
15948
95286
62606
118676
8619
72052
52446
117599
013459
35605
27995
103299
96912
23005
010098
18162
118924
88397
91098
351
22734
82497
54325
014119
11559
54379
56752
39365
3947
115987
17951
23578
103037
39176
78321
47867
27546
016884
50482
50005
19603
9445
83008
014824
5396
125461
11810
24093
88566
109330
36782
247
113303
75287
84930
05712
102941
27500
82950
97843
57389
100561
86846
28044
012328
66916
119993
22647
113064
54136
57357
]
Roles[
00155
00156
0047
00137
0035
0036
0029
00115
00170
00146
]
