Classes[
7995
013994
103680
26911
63317
86014
81572
111254
23820
85278
42042
56998
56800
110735
20272
11790
41556
42976
11068
73828
53714
91311
2355
124436
117484
57836
56029
22632
05388
1886
103784
82097
62028
21073
16702
60151
126016
93161
91012
106338
58648
86428
16964
42954
86439
112228
72117
121919
09730
012694
71835
06219
17819
40627
19270
655
01300
36457
27650
119689
50507
98503
1330
65031
119149
24544
126253
83738
110187
27484
13938
20196
38032
52004
122282
40155
1259
95549
86167
47407
03916
014947
120780
112847
11202
02808
27161
42613
68731
121170
235
21342
014533
49222
99885
012018
21950
54302
016295
63346
]
Roles[
00105
00132
00175
0051
00107
00153
0032
00146
0044
00179
]
