Classes[
124191
76635
51135
029
59919
09917
29154
75516
09211
19259
92622
03839
43867
019209
5855
77065
91661
02157
1931
52518
69164
73041
104784
22531
97987
121879
58034
28757
24463
107942
95969
76144
103960
59757
011979
110152
66811
21838
91678
013276
03111
11367
32206
92705
24805
99206
18513
105827
52260
53091
04864
91701
11929
13977
08112
80346
63488
52293
20947
116849
55462
0434
010200
95897
102431
105936
7873
122725
68353
013380
77591
23368
20174
104752
20211
73759
109621
123458
107407
18840
07939
92148
86832
107049
108659
101108
92942
4755
53542
104627
014295
27099
21446
69114
66359
35857
109614
10932
015117
101338
]
Roles[
0030
0072
0045
00133
00167
00160
00125
0023
0027
00110
]
