Classes[
72989
36334
09872
120948
2824
106361
58211
24190
36947
99868
67308
88165
95743
105537
04800
443
111391
99896
4958
3936
06334
101188
122361
014565
86580
85146
88429
017387
58039
41492
34189
98702
07377
102587
19531
06379
107600
75237
61806
118694
49485
86433
86411
01217
116134
47485
07030
59725
116238
08102
51334
106938
33984
109473
9411
63028
33256
113087
32881
112601
8226
116171
82536
110865
50922
88137
59705
117416
124297
018338
94372
116254
76026
122928
39752
111851
10625
101299
22784
02084
72156
25208
27398
14249
43675
58482
105767
13339
9522
45586
65318
100280
49942
66223
015834
88273
4888
125779
07224
62980
]
Roles[
00139
00132
0046
00102
0082
0045
00133
0042
00138
00166
]
