Classes[
76655
109093
74827
58466
27124
112754
92127
013980
85355
22857
54576
0203
44678
39190
116614
29515
78057
122159
34136
29837
100350
40866
65493
125296
2216
113581
4381
115901
86269
124607
3935
110550
80341
84337
26921
016640
65098
115090
9999
49396
123015
56634
15084
06927
0810
54711
106122
08552
41161
14619
56804
66779
54760
13783
107654
48232
86199
89893
110579
52729
116060
76662
34521
018984
29352
90821
017353
010389
97060
95283
90461
95207
41875
38755
013247
86890
34347
39747
58749
59149
1980
9459
014474
62070
28041
47942
112015
87813
115677
38402
010691
38127
89537
05529
101308
32086
111642
15666
120618
95820
]
Roles[
00179
0054
0032
00107
0042
0026
00178
00176
0053
00102
]
