Classes[
53174
25820
51209
29088
70790
57548
16799
125626
95498
18992
75567
010317
1107
28147
25645
29272
21424
109775
80094
8659
116342
121857
88481
44415
125286
8491
53573
107917
61144
07021
53468
108422
90608
30023
0385
17544
66972
76633
110617
98809
65120
91219
66560
68569
108357
13791
118794
02422
66527
121441
87982
116838
96660
15680
62190
06146
49452
81112
13976
10735
9525
014486
122846
52526
60464
87091
015430
58457
52787
16431
1153
63853
97726
11707
15793
07301
76369
125002
100929
12614
12291
117064
80218
4583
3133
112201
8553
13847
016530
11674
017952
12345
71861
2215
016878
13432
38439
113263
71039
73283
]
Roles[
0026
00116
00142
0088
0030
00132
00156
00122
00100
00133
]
