Classes[
20025
15551
84543
4052
9008
36117
19291
108290
125878
122804
24580
52325
116639
79879
69207
20635
56091
101921
50711
33376
38619
23064
35177
03468
103944
88913
7574
013825
47945
57951
97009
27265
55390
121879
110954
38881
57501
018205
69163
6874
017172
55270
89619
117444
84838
57838
85941
21398
08535
06010
66822
125619
59370
37108
111285
01249
92822
69245
50546
100909
104289
05382
87796
52638
32550
2995
106130
98119
116138
124894
42965
42643
90652
41035
28438
110587
36731
52819
48619
39140
86175
63411
119608
9690
62810
82399
37275
75409
79943
43186
123783
73960
115111
108046
73223
55347
23464
92720
100429
85640
]
Roles[
0046
00178
00155
0036
00146
00170
00101
00165
0034
00107
]
