Classes[
70541
53780
18571
98930
9702
0561
75547
18417
36073
76802
28318
117195
113575
95244
44593
87965
14759
12874
11575
74384
60582
09532
09365
36149
20536
15197
80789
15249
81329
32395
83250
69098
7123
42727
72229
01708
100662
59296
28946
113879
53490
23423
81733
014656
26785
53291
55567
118575
48177
116855
94761
82559
56053
57292
114727
89930
120779
34293
91570
18935
21591
67544
50642
34355
32569
4414
122466
72524
92646
87944
109690
24355
102270
65834
22261
19465
102014
43912
68946
87319
014153
45873
102614
11077
012160
43650
61438
92317
56920
017612
8020
1100
75782
87167
66971
113429
118404
03121
92594
111537
]
Roles[
0046
00167
0051
0027
0041
0036
00168
00163
00108
0048
]
