Classes[
03667
012674
80641
47785
100400
116318
99918
09211
89240
84313
96610
36331
42682
37412
57013
38231
100412
09376
45884
12898
114396
16057
56572
98775
114642
011373
74044
49759
61643
108629
103108
110488
09894
124983
29395
77489
19521
73914
16588
03192
92110
88357
2148
4753
102646
10189
64134
108252
05938
56057
93511
55950
87189
44255
107549
90575
55232
118030
45899
96013
79422
84961
77596
97638
7583
88364
70581
70448
111429
117432
79622
13931
81867
29599
0794
11129
66196
88234
87966
43319
77289
05422
71526
25288
014229
113164
91759
66902
3124
71627
66999
012318
812
108708
014088
106637
99215
17309
105077
41407
]
Roles[
00163
0040
0034
0027
0081
00101
00174
0030
0031
00114
]
