Classes[
32052
05037
55855
102228
96767
8225
104961
71885
51708
40535
6456
60082
018276
012538
88253
011072
38613
46091
43440
018303
638
122522
1196
27262
107708
44113
50152
88275
78573
34659
76052
48606
07788
23810
108147
122542
81428
03188
116596
012234
88992
118634
016671
126095
4248
72687
19025
18162
92026
016216
104862
49340
119277
02858
06264
63134
68384
016138
73518
91088
01979
20185
9991
76986
67471
72544
0936
28108
05988
107523
121344
09907
74207
42395
37717
23544
26712
06031
55410
60041
17174
114632
34162
107752
103733
37116
94104
122439
876
25841
89927
24308
16214
010878
09083
09649
98679
120216
56597
018916
]
Roles[
0032
0028
00168
00150
0042
00101
0044
00174
0038
00179
]
