Classes[
52525
121473
121546
29318
61977
22868
14435
5996
17660
101105
25293
1483
61348
22162
29012
23863
02628
1665
01015
87180
40266
3077
28475
8403
98271
117665
124577
76769
0601
8148
98188
95779
24051
111379
011760
013022
103093
24708
16427
122218
100726
91112
111729
106725
91512
121886
51814
81668
8443
71095
101555
106470
65851
96956
09792
93550
95136
116619
1198
06914
123221
107851
95284
26208
117126
53563
8678
29492
92755
15354
04476
50348
65272
013090
97735
117117
62252
21663
39340
29124
75335
391
25366
22142
15087
12114
51155
42159
57737
9384
62180
81384
32246
84980
80790
48549
42287
18598
49803
49704
]
Roles[
0030
0066
00174
00159
00133
0054
00146
00107
0037
00131
]
