Classes[
125582
99280
57575
3773
102426
6528
76864
4358
90715
123049
08199
60082
97752
22591
125341
09236
93076
018409
42043
35762
34811
01006
118059
100161
49054
72986
63374
85719
49517
018366
2324
62896
37634
017430
73307
83634
118225
71093
18452
7532
56271
12724
103523
87870
36689
54546
22071
24602
109296
3844
57704
22216
94313
20113
7158
120698
104124
34736
101710
60249
64133
61883
89282
07015
72432
16918
74651
017899
27220
014565
011042
13349
33445
22285
98307
28674
57555
69044
77868
0128
48671
53520
50571
41613
44316
115488
05398
67001
84601
23357
76204
33104
55633
21982
3349
8049
07550
44557
117219
99079
]
Roles[
00126
00173
0082
00103
0031
0040
00124
0049
00140
0047
]
