Classes[
52961
013686
30045
119278
40528
019196
37138
10102
123568
47550
79215
84125
88225
84594
014956
017683
12611
013040
20555
96852
34532
126071
70947
99452
011658
53915
16327
79708
124303
1008
79134
90836
60101
47730
51908
99666
05967
52009
77960
013753
0572
16820
77458
91944
64359
24042
74159
98399
44188
119423
45681
52230
85134
102156
121894
116382
87808
35285
101460
109231
34994
97315
42403
78427
98011
3911
43708
38912
91309
016843
116277
62096
71528
81370
60025
02849
60031
40473
117229
28484
017147
44628
88375
89843
83765
06970
47585
02334
101963
96307
38813
7307
97061
01453
55010
22999
8436
22694
64873
63150
]
Roles[
00166
0072
0036
0049
0048
00125
00173
00142
00110
00140
]
