Classes[
102922
17648
25430
016463
60920
114493
33816
64879
22944
51862
108314
90459
94699
04129
75111
52435
10985
40257
101334
7491
01856
52269
65626
112453
107620
100337
66300
57682
08846
39641
96742
58275
99659
102396
93807
41814
48993
13477
62079
52947
05107
89761
86405
120712
015550
01010
4217
52144
110762
103211
07835
101516
53956
125718
75207
54663
83320
16845
59954
018465
48910
77869
107050
17194
9726
46002
58786
63609
91261
77877
42366
56804
22008
125306
7159
110142
59044
81635
57803
118220
97677
125521
97264
54849
59225
013175
75211
57727
15550
33698
88222
66916
16580
73419
74404
18821
126188
04667
49910
96999
]
Roles[
0081
00173
0053
0040
00178
0052
00156
0048
00140
00110
]
