Classes[
58494
77885
100675
3142
015564
21527
014752
61117
016432
120206
62863
42411
27724
56598
18863
104983
61455
15578
101004
123462
4877
125876
77351
3240
27864
87752
07547
114873
55825
42298
45751
014106
86064
36158
120978
103081
56654
02390
01063
08237
108458
102654
28227
75416
21539
52757
33840
75223
98631
67899
41098
05169
43805
01930
44187
01469
89947
36505
75966
55655
22412
89751
08486
102173
114718
15759
32623
08305
27632
56210
014638
96314
62341
15072
62810
119726
65196
116749
51110
120229
105405
10105
11656
27615
22660
82319
36318
116807
101398
84748
49721
89565
65779
17075
7588
72668
29167
34282
014438
101770
]
Roles[
0025
00170
00100
00124
00150
0038
00139
00171
0024
00158
]
