Classes[
39210
06938
39885
41584
88002
83571
88641
106472
99598
50579
012384
54785
32692
103818
115011
118352
011967
111301
010996
54714
79917
44469
73738
89907
43353
43845
12721
117294
85030
120211
103898
65559
7573
26402
25971
82884
93775
100976
12835
03073
123833
81736
14803
51378
59551
73159
22282
93114
78780
74095
22106
105818
25826
33249
02737
0810
97798
114063
06709
103162
27638
29668
113124
64751
105886
107399
61665
103453
09626
123663
106492
32311
88629
114400
71900
119740
73426
65557
53692
19625
106704
53103
55712
20306
85010
19820
89340
70952
116033
8216
28245
17402
64620
76850
97609
112043
1648
114969
018677
116057
]
Roles[
00115
00113
0029
00145
0051
0050
0088
00132
0039
00130
]
