Classes[
44596
124618
32999
24048
017802
114137
29207
35486
19549
66197
74492
115248
99047
39300
112690
54591
65352
74291
34438
116138
61064
41943
65154
7136
74391
104991
109924
74280
04052
93534
110597
011238
95724
41241
014800
105877
119803
017633
17892
72353
20800
016916
64314
21345
02218
44209
37159
18146
75573
108041
106473
11338
27742
117987
83196
11490
78646
102865
118954
19410
89498
59897
010433
80514
43907
104859
108919
84754
35820
16217
59509
12444
56176
117983
15552
115715
42508
4444
57569
29985
50405
16283
82579
23142
125593
124013
58168
104918
45507
45096
30120
87715
08886
62904
126273
29851
83855
96780
27851
106150
]
Roles[
00133
00126
00132
0047
00145
00112
00179
00178
00137
00114
]
