Classes[
5842
12812
119758
90342
011232
18758
5037
57236
79285
66114
7434
018340
49966
124553
95367
44980
106264
100802
65934
90551
42972
61872
105723
93185
54385
126136
108403
41481
33136
61558
124923
77826
105424
40054
117037
40007
79348
107049
15049
90264
33185
117779
68710
117641
8745
103537
010422
59106
122175
43427
14554
84327
88029
29036
010880
2943
19900
121518
116258
43550
50044
99676
27954
79911
38887
07163
016628
10005
012035
6914
10394
113740
117607
34155
103397
54734
04003
95051
16516
16116
660
95968
92482
21182
011330
27222
26350
34822
28753
118958
11296
72958
108877
106636
73592
17937
62687
48355
73907
3338
]
Roles[
0023
0035
00140
00169
0054
0066
00146
00173
00170
0047
]
