Classes[
69049
108015
112546
15543
81600
012055
010858
20143
34798
53285
88506
82565
0349
96138
06663
115260
45100
78497
21054
110848
02586
113272
27223
04095
37198
013221
03746
32476
96772
123114
104955
33369
111375
80939
99280
74167
016623
85398
121730
48566
15889
29532
8430
57744
47552
96086
64411
119289
123904
13081
63374
82692
4660
58922
15256
94282
4707
111614
63236
21067
61676
12268
18150
05407
11596
100177
014082
114004
66966
1515
32130
449
88250
63475
1891
72201
66585
25211
42918
63686
94300
95494
014419
52866
32143
26804
06700
67350
122843
107777
25574
89367
28834
120230
28637
76614
016683
19809
53829
75207
]
Roles[
0037
00132
00163
00116
0034
00112
0031
00139
00165
0025
]
