Classes[
37111
72475
118454
72274
011853
1974
5751
57701
633
110072
23067
57157
7887
25176
52503
118306
52388
07526
122286
53771
03502
015151
37840
102076
212
75609
122100
123351
23594
81070
25815
47679
37816
3817
16909
21284
6103
105733
74116
016097
8666
69278
015732
79785
123722
102814
37673
41042
124457
84498
014099
45266
09169
14008
79423
10333
1165
93581
121723
74780
125579
93538
29215
15833
90895
62079
87187
84015
02340
111016
50375
1420
96392
94600
63043
120704
12996
62046
03127
96498
121467
17125
2616
019158
101061
108436
105918
98705
3800
82591
57629
40856
108031
12737
44657
37726
48388
013585
26785
13465
]
Roles[
0044
0029
0082
0031
00139
0032
00145
00160
00174
0048
]
