Classes[
66314
02150
83872
102997
38143
124267
119429
117396
97705
119823
82564
78487
72544
73156
05610
81655
55524
03901
124648
70872
39018
84644
44612
95739
65824
014564
016858
17036
62952
52115
64998
92945
25742
9589
114739
62689
87048
115152
120653
85517
16437
97125
21431
75185
97157
118111
39791
88978
29419
74009
07333
74537
26454
81552
7892
113779
02878
70957
03063
58707
83288
79703
2678
95758
07122
67270
67065
66817
123037
6137
56772
78359
3384
75670
99593
03181
27842
106582
09264
65120
11374
94955
50370
83723
33893
99554
45225
98559
73111
8560
69199
13126
75848
015619
89224
43592
60202
40356
71027
29905
]
Roles[
00141
00105
00150
00106
0039
00107
00126
00174
0050
00166
]
