Classes[
017658
36696
016363
107674
49943
88820
91776
21815
3070
1343
111067
02320
118034
45065
11575
64015
61859
74698
93295
03375
77782
4578
64556
3633
50125
52474
89173
52330
010094
28600
010777
66534
3939
17370
34910
96996
18178
01452
010885
32164
05804
121824
2959
81196
82172
106660
011909
14247
41497
99752
37587
110146
21700
86447
12256
17378
2231
58173
110541
20481
33771
20173
39087
105831
3991
018667
57203
24052
45341
16679
53630
02204
102754
48339
44477
107161
16136
119253
120894
115138
23004
21986
112222
15890
72553
61829
73288
010146
1342
05586
02252
64261
35757
59275
87553
95888
10706
88829
116424
40550
]
Roles[
00124
00100
00177
00130
0089
00156
00131
00175
00153
0053
]
