Classes[
38683
58020
88850
19716
06159
107289
86752
54849
04567
74832
017096
103055
25977
8101
51269
74153
20425
36914
37047
84026
23617
73820
08064
05158
016880
52047
27277
72638
53506
87292
010801
99605
93117
11945
15868
20147
017464
114059
81291
21051
04192
123259
15260
82222
11778
39741
79894
96918
03936
56219
106050
94038
11336
44980
07478
6438
87581
10178
118985
01170
32697
10856
95567
78583
06985
109533
96346
011588
17201
09772
41753
74558
019269
4611
8878
39166
14055
34533
5970
112278
012663
017960
99628
2470
72418
104073
6308
85558
112945
108779
61622
43500
02491
78645
75858
25874
61389
09968
36075
02571
]
Roles[
00158
0023
00168
0038
00114
00155
0088
0024
00116
00105
]
