Classes[
13719
83301
96332
907
89529
85862
98419
01719
60359
123401
64210
1975
53927
017858
116053
58742
010872
77948
58941
70689
126088
114272
59797
88547
0981
97995
03785
7348
65140
121375
05285
100543
20472
37665
18513
53469
9369
030
05929
113669
77691
34261
112090
100235
41917
1315
78096
55818
06045
63267
57469
59561
73762
95097
116916
582
39990
07418
55534
89447
53623
016350
06370
12383
114368
41053
49778
55647
104100
74945
117112
123031
0679
05026
27950
109945
05745
108551
84635
85344
40138
108750
83394
116269
010193
107623
110421
49919
6778
99656
50900
35556
118940
010229
111542
04843
70520
39890
34234
16546
]
Roles[
00123
0038
00176
0037
0034
00133
0035
00135
00169
0088
]
