Classes[
108672
118906
63046
75600
07580
111860
16260
012780
1769
08638
108802
76629
50457
32739
23281
016064
71912
62063
52921
98023
116296
75116
44319
07062
64441
21121
95142
5703
86971
33166
017197
96825
101466
44187
83172
53418
113555
08399
6318
77748
09831
20145
108180
87818
104951
93636
98698
81989
5586
07245
04519
37026
40654
103987
74877
5578
01517
73936
79141
71270
9375
40657
122725
21732
09536
54853
86281
6933
64146
74626
47553
57881
20655
15592
660
7565
93543
24262
88688
22969
13721
37082
014399
125393
24784
012169
8654
81288
44559
96530
124953
48800
11461
118459
101260
21040
013842
118566
87229
20769
]
Roles[
0026
0044
00170
0039
0072
0051
00104
00173
00125
00110
]
