Classes[
013046
102014
06944
99657
04882
24761
36084
59410
010466
82260
75949
45236
37053
91935
6923
95299
125487
78301
9363
64774
60159
100552
06859
103827
26965
121787
19420
012385
108865
114501
114847
61755
82715
125741
66011
63238
124819
95576
104899
01123
1161
112051
05754
69033
109444
08214
19389
106652
20034
018571
106730
72264
27674
13528
72075
55886
93387
122374
88109
38370
51266
92642
116740
15428
26100
110000
42013
60568
18291
41898
57832
96004
82749
17889
115862
0336
124770
100983
012888
15090
95190
02507
02739
85789
41498
853
110613
74763
110673
54453
58976
63782
94698
017656
34219
27187
23935
3664
102576
118932
]
Roles[
00101
00172
0030
0052
00131
00126
00125
00138
00150
00153
]
