Classes[
019166
103549
107726
125203
014779
49589
98173
84783
25117
123524
38058
65649
43598
05445
0553
95465
32739
81973
88611
23496
6392
42466
015786
68680
86800
110692
100210
81264
98896
120868
01929
82968
94600
91631
49764
121228
108330
99706
013070
112307
90492
122779
112210
90729
105867
02810
121168
119766
014758
010085
94079
114422
120222
64674
013077
64961
58047
96956
86344
112654
018527
55868
80547
12069
011696
011983
85036
113894
2593
20722
34038
08416
9894
48401
27745
015724
26219
109083
82515
85902
21848
103826
100847
65866
014320
44245
69305
54874
108868
016186
51825
75207
104159
122544
6701
20412
114647
015341
112851
85354
]
Roles[
00167
0040
00106
00105
0047
00113
00166
00114
00175
0036
]
