Classes[
4760
120397
50915
84304
110064
74214
43974
34500
66350
60577
84962
42986
11979
61742
73740
106944
44526
13535
118690
37763
58379
19713
110239
3451
55395
79730
018522
98976
06858
54431
88101
3270
9650
51783
107426
28986
120301
98365
117837
103092
012082
84939
19318
36092
42267
82634
26876
55000
118937
86414
66063
79100
65332
50809
56262
1979
010754
121196
345
5722
011434
101716
94695
05476
34375
015965
83576
110690
017578
104445
123603
120673
107405
105938
7748
18234
122999
010896
58996
104078
99713
29504
95900
013346
100708
77768
72751
54232
98850
09503
39873
32145
71588
104564
17989
10884
101149
34890
117363
8581
]
Roles[
0066
00100
00167
00138
00110
00171
00102
0082
0050
0053
]
