Classes[
107963
67402
59516
83447
71695
101528
50401
29863
86402
107952
017841
113426
94702
11841
113708
20436
123363
91069
122757
21123
5572
47731
107706
56247
07897
09711
04307
116468
89570
99983
56967
40089
111957
017543
55124
013861
38991
25521
77337
23558
018158
12063
012734
91668
72948
15229
12564
17630
14803
109587
101078
42279
98727
11122
120479
117937
80135
28720
16584
67152
4025
39175
43460
119453
109229
14865
82565
013608
68446
83380
08731
627
05069
103638
52857
112906
77769
110199
76924
49428
90943
54617
013198
72988
24094
107768
01066
110930
08283
40940
04218
13931
89947
48793
24688
96212
1920
12758
77449
42942
]
Roles[
0041
0031
0054
0089
00103
00169
00155
0024
00177
0038
]
