Classes[
93451
68459
48358
95887
111098
24215
18587
77812
28532
116844
26059
76432
113949
1223
45779
03511
15955
12639
14299
019196
19767
76381
97727
25965
86863
3689
38647
63501
89854
018722
8254
21559
21021
55561
112663
110049
2698
124248
19195
15833
41593
20263
39593
10148
015031
119462
107955
66351
32666
34242
23105
20002
79790
1918
125824
47537
122395
22195
78273
05058
10768
53339
78637
24822
18795
43687
116241
010436
26657
72644
110300
39787
49042
1741
56247
05889
36135
64802
95402
122041
34887
123573
105773
04989
98261
58059
97049
3298
100085
118261
4111
014319
43374
97794
82169
87369
96994
83254
80561
102802
]
Roles[
00159
00122
00173
00155
00108
00100
00150
00153
00114
00132
]
