Classes[
57072
47655
95104
80806
6204
60946
53143
11940
012604
108357
89009
60321
62946
48939
120127
013570
0279
83423
40411
59032
87454
50327
62328
018901
24777
19848
112410
42563
109288
015816
33390
123827
37486
17597
41251
08985
116736
014477
1841
55269
122923
114011
04567
58987
67367
53313
4952
1821
21493
85056
114924
96724
96869
51993
86881
75833
50582
72241
19332
74090
62460
4856
85904
018011
018812
014681
88809
40712
39758
20215
89489
44409
61591
98917
69123
54208
018143
68689
22390
58511
24110
98314
44530
47457
06198
013300
121938
42374
26656
16500
10591
25046
80902
24738
124224
7328
9174
011560
95248
86086
]
Roles[
00146
0024
00175
0030
0044
0026
0088
0036
00141
00139
]
