Classes[
76476
68290
124402
112540
33200
10293
103413
39126
114494
90416
72377
12566
06829
62920
103294
95408
64110
06558
51455
123934
07950
82763
10367
7713
86378
39596
019239
119321
107282
02135
89302
68819
124620
18004
65122
81496
014391
15519
76152
39543
43920
124766
102233
87071
28467
85881
54602
013027
9892
34774
98438
04986
4454
09386
03460
1555
43674
10357
48800
120351
25276
32183
114450
124790
018967
19115
118535
83756
119800
1644
07706
89803
59548
79689
013957
010700
122196
57499
01900
38046
2805
55154
84287
18174
66032
53234
45665
16210
04448
33065
12763
122228
106661
12631
0444
53111
61854
85814
9535
64774
]
Roles[
00122
00131
00105
0037
00173
0029
0044
0047
00101
00177
]
