Classes[
25085
62626
016612
06596
90842
103057
66681
52227
018004
10405
80800
17449
112600
03594
77461
017580
6665
122054
54001
66192
102108
49224
32111
44353
104129
121982
37719
63128
87353
61027
99284
61768
02850
32510
93833
18658
72283
97666
109607
41267
6972
14353
72591
93923
49399
33450
53042
08030
09658
18179
64378
103938
113789
16848
2661
44173
66720
123835
81052
102135
107134
24572
52824
8476
56409
65211
08844
323
51159
116981
988
84295
45802
01322
41993
38379
62684
013265
90138
016849
49132
05975
08306
32652
66627
104965
67420
70657
03897
76459
12577
33077
1659
85030
25208
94125
72578
13855
21290
59633
]
Roles[
00103
00165
00170
0030
00133
00158
0025
00156
00102
00146
]
