Classes[
61345
48456
66055
44039
24127
29265
013765
78202
104269
47726
115129
115289
72028
22389
84655
58913
8321
08064
56427
010031
79082
113336
66291
57748
61718
104809
74818
87964
73928
49129
5075
109293
117667
118652
111797
66040
94704
39360
12954
97169
36212
98910
58133
27654
107805
018928
77038
117720
98168
76789
121790
62641
115355
97789
12060
9674
104517
0917
015271
110404
013212
82451
012069
115906
110841
116991
85889
54843
118916
22176
68474
36495
14215
45209
115759
012735
013574
06249
55572
90721
47927
61648
21562
86515
104029
84652
33969
8132
52646
98179
2709
01245
93604
12436
272
82990
101090
117359
22705
56671
]
Roles[
0049
0032
0037
00156
0048
0045
0046
00153
00102
00130
]
