Classes[
85102
52731
87382
86391
01403
12244
110884
91177
51209
61623
126160
14746
107624
19115
08510
68903
118684
107706
47465
15849
76580
17811
122805
89193
016197
61820
10789
24551
101516
25607
39293
35548
28230
8035
55038
99691
44929
117225
117026
75243
84267
74111
40109
62677
73668
18074
60970
82652
103021
80644
53138
124253
90717
123706
22049
92728
99039
103673
77820
52375
07091
96259
124015
87680
66108
41113
014830
77346
42635
21268
99477
34262
61386
117106
81337
43520
63321
121780
112769
106213
33933
018269
6490
92450
02652
114796
124610
81806
97205
94156
044
122714
49026
0784
59038
53098
10254
81860
105860
58886
]
Roles[
00114
00167
0027
00133
0050
00153
0082
00160
00174
0032
]
