Classes[
108022
85394
103310
52941
11123
58016
01629
13829
69429
52453
81726
59955
09439
109891
80166
115566
07022
122652
76406
112903
231
95363
77924
103263
34802
40932
53926
013962
016303
21273
109041
42858
49884
39445
13216
13794
010112
90531
115660
114697
013719
124494
3512
93915
79362
33250
88406
122311
22673
84345
9849
83028
64289
61745
02233
05635
014709
1945
1937
29670
65584
94692
41011
116312
016462
55834
76948
010128
73873
62520
94813
15787
102056
81662
106507
119656
108740
78430
121404
79266
36463
13135
109842
125057
115185
25179
01592
61655
79176
14688
28529
09854
60956
50848
54449
118075
29046
92639
64379
35525
]
Roles[
00130
0072
00167
00100
0030
00137
0052
0029
00150
0048
]
