Classes[
018855
12615
116922
3220
112710
106042
05458
68815
013907
51721
28396
04524
90457
34594
77266
17389
96601
012106
67901
5103
86361
104284
22311
106053
06815
35319
017250
99203
03888
95786
06291
105568
22259
11923
86850
110875
42635
06126
01027
82906
66673
77201
38684
107147
018121
07598
012207
53571
40350
114901
018103
117127
01808
54079
13693
103237
11265
77053
111593
17492
104094
73045
29513
23374
18417
014383
113717
88673
23029
97312
107321
54674
06842
47738
60102
104744
18638
90658
89048
120336
62521
5358
55622
44856
124065
32887
28411
101738
74341
02380
35556
98883
41184
03718
017680
62574
017476
41267
97664
48397
]
Roles[
0030
0088
00137
0039
0025
00125
0026
00130
0037
00105
]
