Classes[
89862
51488
71242
119053
98662
87500
78476
72087
62237
47843
04112
18447
016643
012503
55327
64565
33204
108915
98175
32643
7117
109326
73370
39200
32985
23722
103985
39649
32551
63048
333
018712
125320
24477
5197
59904
120078
98240
018877
61048
81288
01088
109721
106793
123707
11701
65906
56614
76010
117074
114637
24464
43191
110088
22314
03389
102826
126233
35718
87360
17414
93587
97439
63370
117145
07002
48363
61409
98564
35440
114473
017927
96575
103881
58177
09596
84864
751
74743
27748
118213
014769
57694
11964
111049
66380
91720
02183
60324
41110
48932
682
66526
28628
51683
11340
10738
86448
43690
06568
]
Roles[
00110
00126
00158
0044
00107
0032
00105
00176
00145
00155
]
