Classes[
80865
03275
04195
86363
102138
01109
112327
114891
109976
101699
76594
60588
95746
103864
81207
52388
101135
44064
34992
115336
78536
28387
100074
115507
13970
38088
82978
24723
37291
82421
53405
67490
10320
65002
32589
54427
012187
21286
99136
120354
104893
60424
86441
016829
113852
5548
68898
83656
51710
01253
19401
55037
18365
04636
20230
118418
57755
17593
49171
49428
83170
118965
52321
108004
48376
05766
59245
4874
80434
107614
0475
67294
08106
33214
43691
89582
49775
103732
102380
015499
49831
018465
28280
87578
018059
103919
017877
71938
83764
105766
85012
4299
33635
03032
27209
26555
91830
113394
05576
75007
]
Roles[
00145
00173
00169
00133
00108
0048
00101
00114
0050
0088
]
