Classes[
108679
76624
88474
3895
56851
102399
41618
10430
017197
5634
51276
103547
90804
125154
107207
121171
90221
76136
15235
04246
41938
86673
21292
105355
98537
20456
102059
77575
12144
72432
45015
104044
18406
010768
014535
98836
100300
90258
35383
124940
78855
016358
28711
25076
83683
104808
121275
23463
92962
121700
29270
81171
010414
5544
111072
122254
22778
124648
57701
122536
9894
83922
122240
92970
98839
013108
92757
7992
42010
114089
38714
94980
68770
06263
12199
112341
21053
109221
08052
80510
5054
39464
107204
73317
89716
22752
41946
98930
74834
103015
09778
23931
91553
78256
45258
116329
105763
99818
52388
29262
]
Roles[
00131
0051
00116
0035
0047
00171
0088
00146
00103
00110
]
