Classes[
106253
62871
95818
103475
96870
87043
104841
89789
72201
89745
89965
25291
75493
119571
010961
45380
7151
104717
78123
53324
03388
34862
104448
97167
40181
013505
19689
54331
76091
19667
014278
79573
34269
60436
56715
5618
106272
39176
98898
39038
018080
02470
9712
58397
41042
67193
40645
125097
65029
92326
11573
09767
012401
016035
57680
100042
3797
02053
36222
71874
64894
66921
78061
24127
121982
4127
88213
77974
0355
24036
37684
92252
25767
0297
121768
103997
06668
29040
60397
121549
123039
116419
120043
67510
018950
122648
36025
90546
73423
42458
20909
014300
59251
125152
29510
09891
92288
5600
57487
24928
]
Roles[
0028
0072
0042
00156
00179
0053
0027
0024
00114
00140
]
