Classes[
09335
78609
82819
106924
112646
65843
45669
113613
39430
92130
74576
018785
12205
85977
99299
40856
85654
118093
83132
61883
28262
95764
9505
05182
08670
89874
36828
13007
97105
15114
12926
17068
59032
107605
66084
107389
59391
115057
61662
40241
6784
125949
119032
06093
72868
102744
70607
110632
012769
122219
83906
122862
94199
124735
101383
43614
88428
50709
125008
09517
33989
77634
123878
92756
017336
52471
109063
20305
89993
40203
29678
54873
111223
54072
107537
09295
121976
105588
126265
20915
74903
116527
66386
35195
017726
21812
44381
015669
81025
44449
81740
58883
125805
63924
105698
117924
119769
45637
03383
07832
]
Roles[
0029
0040
0054
0023
0024
00104
0030
00123
0038
00153
]
