Classes[
80648
28049
88109
63457
96277
012140
116981
0312
106684
21040
32308
8080
49900
120353
123499
51941
81969
110486
101736
35962
13259
54085
120189
92165
017890
7959
16246
26037
42656
44656
25368
39122
52174
105336
24871
76995
19835
54580
56180
42940
94749
07543
30091
5892
019249
37311
48288
83675
07235
40185
28030
23144
78377
56216
42990
23135
18760
113359
24289
19457
92912
110873
34821
90768
44317
113953
94013
74496
03567
35980
016890
37453
48314
92796
82770
73327
02336
86552
05808
119979
33937
09774
66266
68466
101163
02419
109018
03055
45584
73178
0964
95162
104954
23399
39297
117658
11392
49021
34247
91248
]
Roles[
0047
00135
00145
00133
00105
0045
0041
0034
0031
00176
]
