Classes[
33493
79773
75724
42240
04115
74501
22633
74825
12339
06110
85310
122589
54391
63498
05958
54669
05590
09620
105169
73858
96261
40484
113834
39622
016615
102017
109399
09172
50118
115668
08210
15251
75910
119587
114723
7682
85576
2632
87262
9699
95806
40195
52975
49363
83988
22284
09253
108484
01728
84705
52406
75250
82609
84824
89132
98701
78145
61404
0977
017629
107404
74227
104557
83409
58632
9259
76282
40595
54992
21903
01061
119734
28470
28720
02766
73488
101019
07839
114036
93326
40072
98641
78541
73300
58600
92338
102206
112606
29728
011211
27230
47410
108588
61131
11683
21634
32966
014632
71665
19013
]
Roles[
0040
00101
00138
00172
00155
0053
0066
00113
00115
00171
]
