Classes[
115836
6214
59626
53924
103560
98316
03917
103230
18942
43649
67288
20332
109267
49940
04470
77844
48268
91926
55259
010385
016966
113903
60221
57002
60987
1942
04775
59235
91267
5560
81630
3510
118236
017522
64720
29470
99501
018350
014374
83283
57595
56328
74919
95004
2453
49674
113419
54558
23811
57480
58834
2716
76635
14474
122025
12396
105663
124658
25524
32082
60163
45743
0803
88276
55290
47663
1767
21972
94369
72824
107182
74156
83310
09454
117831
9788
56033
36842
74332
06360
07948
23863
32647
20995
37947
100968
48436
010843
117708
04806
65561
94018
68459
80338
28306
122315
75777
015345
017835
50009
]
Roles[
00133
00160
00137
0044
0053
0029
00155
0035
00139
0030
]
