Classes[
98997
91288
08723
115180
103729
014192
95591
94405
08845
19590
56297
23420
15854
59980
32826
126055
95965
44752
109664
99110
109234
107572
29398
07189
55213
108034
28391
34665
27012
57848
012711
36835
02319
87036
2676
9754
91082
45123
55814
120013
23294
84610
80764
5627
67377
8508
104648
73399
012105
94407
121507
60741
16016
124660
010659
62452
68267
71638
68302
57544
013780
44737
25434
98838
116255
91418
25207
74721
36153
16702
80895
27889
38894
104960
79842
63455
2124
85721
80909
115423
55525
103880
83096
04748
113912
017234
125904
3880
88675
28501
96809
41770
74808
34075
35697
66768
59082
114096
05701
58926
]
Roles[
00177
00116
00172
00114
00106
0081
0050
00163
00135
00113
]
