Classes[
0150
3955
86079
68966
2780
010735
8401
07197
125439
56198
90318
34269
98107
43433
60054
72051
21899
014734
102224
111019
109745
51076
105055
75675
105946
47952
112526
98796
55721
14259
12131
03563
44213
48323
12968
2312
125202
60209
07795
015204
52775
41087
42097
59207
41450
18294
116360
115617
117967
10117
42193
122196
20180
116521
97769
94880
71283
98996
43650
111038
49578
102024
115614
26407
45601
8895
119798
22762
100241
57787
42303
087
115908
13760
109868
010475
87703
26854
45154
18676
015802
018445
10967
06884
14957
26804
76392
49852
91184
49954
28301
08819
24581
107575
116887
118089
98278
116176
111868
125065
]
Roles[
0026
0039
00115
0024
0025
00132
0050
0048
00173
0035
]
