Classes[
75404
89170
113490
100633
14747
114760
79992
123903
99709
86571
52800
010815
101911
29200
02693
47394
61878
123348
96675
76821
78295
3562
115583
017448
83409
11152
108276
29043
61175
049
117376
52374
04641
47985
56680
36151
015811
015424
67329
018937
010848
29688
09914
018605
92476
39160
86629
10953
102233
57661
57831
12315
43682
16843
99160
02570
121512
43428
109713
78400
37364
71670
101339
43558
60379
125764
94074
69115
39825
101589
120610
6516
03013
15118
71019
99151
54397
11591
91448
83343
40102
87264
113579
20222
32240
82242
117437
57809
41803
49066
25446
15605
119613
16189
2849
106236
45876
62813
08983
41236
]
Roles[
00116
0038
0066
00106
00172
0081
0036
00176
00110
0089
]
