Classes[
123362
09128
104171
79753
52601
67291
112837
106005
63376
3743
123974
28907
011344
89409
116565
64639
016995
97633
06968
3366
63238
82113
115288
27144
36924
010480
15626
21283
29898
68253
01930
120161
115986
28069
54445
91278
119575
76417
23351
34456
71672
32345
97816
02251
05222
65195
111619
52797
8928
67354
11430
88542
28278
98765
58906
93834
103470
111480
33138
123983
62493
45618
122095
126035
34515
112250
19631
99937
80868
89057
29800
65971
09055
010796
102941
39947
89183
12512
37182
016885
7405
107886
94193
8113
27503
106151
56320
94461
22808
75275
44774
84833
011883
01245
93293
10156
92958
94608
13254
75482
]
Roles[
00137
00124
0047
00153
0028
00100
0040
0081
00167
0088
]
