Classes[
112424
32837
25667
86725
5103
57487
79885
24732
11454
112994
83016
25759
54692
42334
11047
63106
8553
2984
75068
012632
39044
110501
3403
102186
119876
56005
100130
44475
78541
60546
104043
04343
122223
14688
6329
47652
106179
83252
34121
87198
95592
94345
74704
018844
95232
90613
03864
27511
013494
6343
105299
33507
99215
90259
23179
014794
45052
19225
08368
39801
108316
10339
80349
71628
91589
61836
41449
29391
105808
4775
121007
08350
94236
014689
018777
65498
45665
15226
07217
03186
17255
013302
07161
10611
61941
113356
27013
82978
27045
52014
0284
89391
43522
019031
124025
85246
58421
02002
91925
72174
]
Roles[
0031
00130
00137
00177
00106
00155
00110
00103
00156
00132
]
