Classes[
58734
15824
29291
87848
49816
013609
74942
011053
80780
59591
82822
1646
19938
14680
28661
18631
109347
78288
100937
3378
39617
04086
122246
101668
115714
48950
35544
26460
36502
38458
1445
28591
29439
62935
28211
67395
27966
91017
63048
24046
52393
07196
100108
126318
51385
21023
35483
66852
15211
119793
72302
104535
27636
36921
24129
017882
95683
16810
39685
84131
86266
63930
17906
18257
125119
05977
30107
22105
2755
120278
97878
14259
19889
48384
56888
10876
85896
90220
4225
110413
89594
107575
117526
49396
65698
24036
57954
0513
59493
2573
75557
104885
10565
72495
26785
27618
02315
16115
51164
18866
]
Roles[
0024
00138
00174
00150
00133
0047
00135
00104
0045
00122
]
