Classes[
118513
110418
26486
015065
79320
45122
72652
08703
489
85386
24214
120796
3930
010703
010697
112556
010330
121615
102920
11989
13770
18072
81362
39616
105497
32619
35114
10065
36028
22120
39213
107816
42496
02192
25990
54877
56241
120770
124177
76557
85513
08188
01845
45724
63827
48354
80876
103923
720
101219
37213
115209
16360
08098
73178
97563
47907
19134
78507
89004
35057
100863
119835
100865
19343
104184
10214
112588
19470
66010
106845
47472
36341
67473
28205
45916
16312
35700
114747
8489
73460
88878
65197
01902
104790
57905
54430
012915
36962
20273
79443
80451
16088
77272
61266
113041
71869
03026
39726
4343
]
Roles[
00113
00114
0023
0088
0039
0049
00146
00112
00126
00150
]
