Classes[
107934
83027
73981
010897
18371
55439
103984
96019
121634
105692
56730
84759
30106
100437
91530
51196
45216
93290
34016
94087
98772
11026
64875
5097
84471
29093
91369
103476
82136
126258
101927
53581
27831
99776
84122
101800
104155
24737
51824
58962
85808
120268
8971
43944
15584
19968
37638
111721
12022
74776
117990
44532
108571
59788
35849
7068
106124
015074
71754
110980
12856
59438
88025
18253
014342
013621
38977
108824
2951
81857
54147
27179
71979
89689
015781
89574
110411
013065
17850
105632
012750
1292
109449
015743
018228
28239
012170
71768
77994
91094
100213
59747
39401
22017
018659
114752
67522
11647
75144
012893
]
Roles[
0048
00171
00106
0023
0027
0052
0082
0029
00138
0054
]
