Classes[
23308
13117
85096
83049
014143
97435
26982
116639
015868
24645
84956
11057
06549
015593
82338
75479
119875
85282
119594
119707
36474
69025
107466
14291
23672
125504
70835
41885
112376
63899
101721
9598
03496
14172
13809
122350
39702
124832
22798
106379
73075
39176
15367
59786
07988
06851
74673
111076
79596
108135
61752
110574
110970
44614
92143
101930
3988
78515
112916
083
72510
96976
60844
54869
03331
16965
16031
56885
56887
114514
52825
89809
71197
90409
105080
20678
52084
102372
09788
123917
09979
118922
37554
15923
85522
015895
41876
36766
120717
18445
4314
73587
01940
03461
101745
85639
23932
82139
73138
57644
]
Roles[
00130
00169
00101
0034
00165
00173
0031
00103
00178
00110
]
