Classes[
94071
57522
108937
02141
90117
84018
015248
56123
11461
20884
06056
121285
86881
48980
72267
119676
64718
017703
106847
44036
39925
59467
107329
018102
108950
104357
95671
73560
27138
49763
72854
50387
11714
26519
54641
10642
012438
60681
59080
43892
116217
48265
16591
02259
9963
80962
3412
018804
102004
15411
016545
60618
118664
119797
44384
24552
37702
105411
20721
09998
1271
08567
104065
115045
100625
38335
107140
49889
84213
10793
122317
60196
21215
27468
016158
015758
93728
010431
125450
8919
118089
99694
5769
17962
7726
108078
57488
74576
33104
120637
12441
59137
105340
018660
52366
2605
51223
75661
86335
62981
]
Roles[
00160
00140
0050
00169
00150
0026
00172
00116
00177
0037
]
