Classes[
15701
54000
111869
67277
36213
90334
109536
109413
5390
20137
27174
120467
46036
89071
107115
106542
18008
78814
113372
35410
54010
115707
111455
22443
40153
91655
42218
52577
017387
71367
015669
121647
114610
35340
01074
57122
98173
06622
60499
66872
100361
33618
38639
011612
8575
07749
01848
110818
59782
27245
09197
98604
15791
011552
5918
016860
017284
6593
011835
23429
440
16002
40738
115440
40159
17913
120538
05473
69244
04285
111796
14162
015136
13641
18247
28259
27800
07093
83723
16579
81776
111742
10953
011051
0761
111524
113051
35940
06246
66623
016805
10903
82123
42574
100443
106714
17609
121761
27291
113310
]
Roles[
00135
0039
00146
0050
00172
00102
00159
00150
0046
0048
]
