Classes[
35492
124810
47835
85179
119987
125027
112695
95732
111545
3633
82342
101386
010477
72312
7621
42524
10370
80321
74837
65052
102297
16468
114950
62060
13890
8037
58589
38283
11340
016856
70892
19196
35477
27363
20484
124121
38030
2759
55330
23054
96748
4160
83213
68410
52454
010081
108347
1380
01486
03380
79541
86590
20224
9797
83686
96817
28592
28160
1172
95443
109685
97427
106227
81349
79701
06989
111268
09608
103384
15598
82989
085
90759
107653
012047
8673
118639
73352
94785
53176
71213
5170
17325
112413
41972
7946
2826
100101
2625
017066
22539
71385
43862
98659
25460
39992
92530
106823
44677
96293
]
Roles[
00150
00140
00138
00169
0052
00106
00171
00108
00174
00130
]
