Classes[
66216
05857
01760
118012
04438
38624
55865
49713
03719
27722
14500
39221
61027
11371
84255
115871
57600
013024
58431
40588
13174
112558
95966
27668
122075
41737
88049
015174
44118
20299
09825
91287
76369
72479
26212
76246
58363
111297
71756
51586
017553
11055
96774
57337
66777
1890
101098
73887
47938
04361
15463
62965
62314
018460
32262
111218
017194
24923
13572
104548
37549
78632
107184
97244
118419
01938
108048
013535
106561
6342
62882
39342
47953
122906
43529
54636
79130
33981
73064
44006
101677
105113
91337
108788
118323
126110
05492
114303
70693
011832
14004
86508
71118
36277
10223
21129
42689
16715
89266
39305
]
Roles[
00153
00159
00103
0037
00172
00116
00123
00145
00141
0044
]
