Classes[
114787
011307
09080
88817
121016
014645
81889
78686
14599
23152
102203
118405
105962
38131
119369
95921
3430
36194
39176
65966
72423
120974
51444
25429
112207
19244
219
29560
12964
0859
117181
116177
97468
84250
29793
016490
6397
50797
49141
10986
010345
114052
91719
40469
20817
15759
43754
122203
010593
97023
98995
013536
17877
121052
7265
109107
5263
22199
63254
85234
54183
38728
017132
53747
03832
66512
015863
43902
116784
14958
4201
67448
103931
124904
012298
74009
93893
50074
88666
85841
102446
32543
26908
71204
111608
012761
38924
016707
43456
06958
109368
15048
018312
112070
35037
06572
54906
02074
28541
14068
]
Roles[
00107
0024
0035
00112
00139
00131
0044
00101
00179
00176
]
