Classes[
16585
43283
50739
107501
50922
23306
95755
19061
40264
76344
118622
09588
10167
89832
100277
43534
100825
108264
3362
81557
73967
34988
4583
124691
18547
76555
102743
19957
018346
60489
102981
010731
58928
44913
34799
84902
106231
2114
33351
36416
39710
84561
117994
55685
105617
010957
102064
06580
104700
25132
47823
53142
106599
51379
58896
37684
55652
124198
96708
19458
08262
102695
63343
117728
94041
58979
60074
89844
56069
2052
4753
111975
19304
27528
02358
79353
103106
65807
48542
66254
56511
012682
89536
15728
92103
011853
32515
08717
23038
08120
97640
59724
29353
82881
49186
61144
18206
02422
38400
86971
]
Roles[
00115
00159
0029
00178
00140
0046
0042
00175
00113
00179
]
