Classes[
94517
101352
108337
82836
20616
124678
018738
93253
83839
75113
81155
04367
64345
018014
73955
77710
24207
018547
95891
89260
0267
34615
013780
57840
78794
77209
49588
100503
73013
14787
92848
13432
103392
84370
74983
110144
68977
119296
33433
40755
6093
54274
109483
01787
71828
47933
51354
92045
7540
38029
2179
41233
52358
35292
60306
010077
019272
116278
37340
06041
42639
16578
21745
016358
66824
76567
118380
25497
27727
26167
3475
104037
06796
95450
23122
08093
120579
37565
38945
12790
018593
14140
76673
74715
14908
80997
78102
103430
43834
93710
57097
73882
109011
109149
111540
72354
20606
106742
82679
62923
]
Roles[
0027
00173
00122
00103
0025
00110
00104
0052
00107
00141
]
