Classes[
23965
100923
94794
08912
76305
112809
44955
45460
87145
83316
82183
81849
41478
73779
013210
87323
010509
14003
14193
5111
55927
01059
100737
47569
22122
22537
18607
17773
019105
119897
120966
95065
60997
02742
017873
11967
78794
99384
67120
32528
33235
101059
90675
18482
62755
4395
85982
59710
72718
03205
102697
118081
37684
51794
45718
49475
17744
24232
18103
75558
33746
118459
93035
101027
5361
108449
27615
42206
22088
103504
76496
105205
52120
52160
03093
16860
05855
81600
13766
48887
111286
06744
64852
26689
017186
16203
2679
102085
52950
105705
95627
97555
22607
55133
49465
2810
61946
83906
107324
82949
]
Roles[
00146
0025
00133
00131
00166
0034
0089
00145
00135
0052
]
