Classes[
3660
01392
70639
57236
012665
89720
13810
5657
19250
22007
79528
56009
82418
011917
108003
112913
105832
8544
71550
42252
112542
50357
67022
66051
50411
19661
98906
89028
26252
15261
55703
69056
9005
014222
58083
010750
48331
51507
014910
12060
3684
53873
100517
94399
120264
03620
61204
77690
72891
80608
99503
19684
5317
08923
61253
19497
36763
50193
86066
93512
102117
50007
20424
25238
65677
85477
63246
110527
48738
99415
16710
5083
111302
0997
36147
02101
96440
18685
03633
118763
43361
57495
79362
105509
96677
39801
88549
92622
89221
85922
19333
98060
36283
81284
78545
3856
122458
33424
61407
22950
]
Roles[
0035
00100
00163
00165
0041
0040
0047
0052
00103
00102
]
