Classes[
101658
66341
51311
104844
42793
115857
101672
92143
56049
80280
011129
19640
78348
7737
26790
14303
114940
97806
1643
111369
121707
77593
107539
3350
45795
108668
79384
12058
72634
412
114668
98888
39054
13294
102985
114799
08835
102136
02934
118159
94367
111251
17799
018511
20386
17285
81893
37126
26668
03389
07288
016347
52386
29147
09417
23279
57283
88318
25796
15530
50588
06902
14389
37118
66403
43948
24831
72082
27185
014316
9609
89243
012888
24263
017372
98977
5341
113993
08312
87795
106369
26799
1305
62394
19304
98065
64273
4228
09594
015505
80994
17082
55552
03925
24368
96608
125814
37732
6211
113563
]
Roles[
00155
00107
00130
00175
0028
0030
00140
0036
00137
00170
]
