Classes[
27900
07465
35971
100402
07001
53317
017259
19959
10708
81627
8666
04457
92066
37321
19950
2291
41483
23940
114864
40209
90278
110728
95826
56104
126084
41895
10259
86353
1288
19263
57505
78058
35311
92578
96281
24863
01625
89498
60664
018387
58037
23116
108760
86817
54615
29345
56159
33053
51330
75252
58652
39762
010806
62382
06133
62527
3108
124524
09630
88015
75282
10612
6472
103266
76654
105548
19068
49010
67530
94537
55613
94417
25307
65545
88506
110510
26328
48036
41097
014031
41855
6030
11207
48707
73712
94609
38829
05116
15006
018859
75074
119292
124795
88915
102849
03874
11326
26867
22268
23364
]
Roles[
00106
00123
00173
00139
0052
00145
00133
00100
00104
0032
]
