Classes[
09465
76376
38444
68747
100564
97609
118762
112174
20338
018463
63027
80664
37627
107264
116495
09613
94465
117959
90278
87906
85573
88739
18041
22593
17972
75567
44085
42998
116385
115013
81589
59527
124561
28743
126205
02411
96200
68768
03429
014816
47538
72641
61247
116758
45714
111397
3178
35531
50633
22702
58242
94169
61379
04532
43440
03474
35459
83019
99484
8425
95098
80871
54789
83604
25710
95393
011131
4407
013551
4861
17519
013238
114794
70984
6071
67084
10646
57019
012885
66400
20458
106001
112225
110257
124055
117380
43584
42193
010594
53501
18153
122562
87298
61985
19844
123685
27850
13668
53875
11402
]
Roles[
0040
0042
00177
00141
00158
00167
00122
00126
00135
0032
]
