Classes[
67109
49721
47422
100530
107692
011414
99546
15392
24177
45018
0344
013498
124202
35925
13703
121043
34200
64819
67012
61073
85404
29244
82636
102037
116809
105505
99236
22413
13642
122688
06778
27301
114813
014140
93856
02351
61003
104678
119557
108702
47968
103168
21547
34911
48900
09337
54381
01359
04468
014658
30052
122553
124091
116269
77784
53127
97669
48529
34646
13227
02958
68721
03229
013566
53251
74549
89504
112798
122940
559
87371
09103
124479
120385
95116
10352
13866
16333
113802
50143
75003
011458
18980
114422
9565
12973
96111
57884
106578
24485
116726
90767
45109
42945
109032
118263
10929
82892
86105
92111
]
Roles[
0088
0066
0052
00178
0040
00101
0038
0030
00166
0028
]
