Classes[
81164
92262
107209
73413
120837
124785
123449
109176
53701
09280
20380
96520
015040
16176
77197
124860
25814
73907
35543
41696
11089
59533
015039
59192
05723
104642
49071
10636
108983
50279
121870
14555
10405
105150
30171
64984
68685
25152
65785
58987
61423
15083
60380
63903
85701
33550
21689
118012
01744
45612
80008
94082
97124
71957
121701
34619
09898
010725
71488
44808
11726
05385
12666
99831
20769
20502
04794
1280
59666
111048
121431
01786
51103
5585
76977
85842
018906
72340
39121
88756
94540
71472
014659
99922
63855
105809
105920
107770
57956
63851
109693
27793
8880
74244
83881
41838
88897
56862
88131
016399
]
Roles[
00104
00122
0044
00171
0039
0049
0050
00156
00106
00126
]
