Classes[
015606
5493
68813
15335
34840
26688
101931
05381
010930
76661
38166
35926
63567
47598
105184
99161
012331
104513
50790
102847
122798
100895
12352
61801
90839
05711
07680
3072
78513
125301
59208
76897
045
2260
013662
18354
114037
87258
75412
89479
55253
90396
119264
23285
62850
75003
08366
115074
58642
102247
01624
56501
44479
119362
104490
74576
87774
42969
02013
88403
111971
0418
011561
116978
3421
19294
79535
019001
65132
59662
11055
07449
77346
50526
120792
81757
50530
65418
114564
118005
22015
111462
85476
57587
47986
05888
65480
113047
92511
52023
627
20265
45596
75536
10789
34374
86901
91764
17659
30165
]
Roles[
0041
0027
00172
00155
00178
00105
00159
0024
00175
0082
]
