Classes[
23682
25355
56087
019043
118258
015652
65493
117543
016342
06519
017824
9172
5056
92153
75837
18056
99063
3596
23799
69254
58693
42435
83483
24443
32233
76328
61924
58868
44729
25280
89041
73749
3310
35603
85157
103304
94068
57375
101435
23407
20435
60989
93117
66508
104524
11681
6544
45378
61210
77480
108981
51231
36022
901
75911
87973
108999
115493
37943
107150
55298
64932
117893
120938
07317
010806
104041
85505
17229
4738
91336
29844
66826
122028
55328
109716
28443
018554
69078
54866
61886
75219
121050
51998
013914
20526
47813
59827
9985
64548
106700
82391
20291
17109
50486
37012
42483
014664
122886
27593
]
Roles[
0053
0050
00178
00166
00130
0088
0025
0072
00137
00105
]
