Classes[
90034
38983
83843
5573
122781
103211
53934
012808
11649
108966
105566
32988
02351
86611
62634
120421
21772
36076
15548
25528
29433
109291
17002
53805
68439
28048
06123
122260
89575
73681
12016
18983
43817
119267
4153
63889
10340
120655
77293
88754
42404
89212
124928
02419
62381
95765
47976
27675
49227
0177
90037
15056
115319
111488
51591
65253
56973
63030
40787
43345
42700
122519
45559
18274
09671
112839
49525
014800
27960
90924
010049
011027
61419
67529
7020
04294
5642
109945
23677
018864
5130
16134
017136
94065
125279
44747
14625
103428
14303
122584
53301
013607
25108
94393
58280
110195
3491
102730
49838
86558
]
Roles[
00167
0034
00140
0026
00133
0082
0089
0038
00113
0066
]
