Classes[
95419
87903
51964
103802
65818
37476
7241
03511
12033
5542
59229
18562
48949
75804
120309
16169
04153
92656
03399
77946
11403
1465
76661
106486
73668
57006
18672
97269
106657
559
119897
57993
49596
02809
66105
04847
72354
103361
47889
48769
014742
014698
012172
120977
014859
24593
15133
0326
014400
37345
74737
10276
68665
10453
119033
22180
11918
48256
119921
03063
20655
20243
63165
09636
23731
3016
13894
115246
63545
28259
18141
59038
86051
37506
013101
108655
32678
89659
03362
14541
76368
10510
36758
07275
84783
66581
21435
4777
103231
19778
41414
126135
45481
48504
76696
15569
105684
016434
107282
30114
]
Roles[
00166
00138
0053
00124
00156
0030
00106
00177
00145
00113
]
