Classes[
39897
109047
81500
2617
36259
84794
29429
106774
36465
52808
45137
016247
8758
110354
52333
40032
78113
29222
94226
37704
014870
14036
76724
60683
107297
26155
29336
99210
60636
13865
23449
60947
123907
2150
125192
89173
012903
59347
06960
38131
121966
94365
49949
117104
62829
22838
100835
111388
28367
36173
124878
219
18457
102577
011987
126114
07781
108341
3518
4359
63386
119028
29074
16860
19337
81351
73766
015221
22858
01056
15682
39585
66949
95973
019268
03628
016554
15448
36971
64582
654
28630
017542
78859
114275
82252
9422
108141
14543
08322
114503
95448
13107
10880
111699
73937
80301
42414
0286
63874
]
Roles[
0030
00168
0042
0029
0034
00101
0081
0066
00163
00102
]
