Classes[
10538
120829
124222
39097
59648
33911
73208
58509
018256
110040
124755
011343
56264
22375
47967
45528
55456
18847
107584
35894
117783
90941
32362
79555
52025
115253
27668
116310
92025
58430
81614
98300
7588
41926
90606
47733
017234
22301
106805
55280
95510
18420
08030
58760
110141
65663
97098
17231
120871
73352
114425
104131
14654
97886
71803
50338
016197
12983
012903
30135
78829
82525
49040
58759
014346
125786
34168
015462
70937
39511
016183
110310
103583
82182
97466
51972
86940
97356
20017
35476
100183
3916
81927
53404
29212
32482
101331
56922
124157
65220
83042
018009
7194
101481
57420
114783
4645
017131
68538
48584
]
Roles[
00156
00171
00160
00163
0039
0089
00169
00115
0072
00142
]
