Classes[
13235
103573
63924
76157
016859
012611
76520
90276
013220
13127
06947
97612
010157
08814
57891
98773
109020
114109
88896
012642
13578
26318
9532
111345
119647
4321
38886
26504
6337
37699
21814
119913
103659
63216
43524
32076
83411
5519
68951
25638
011955
118798
18160
80906
015773
39174
99610
014936
3542
32794
85652
104425
110639
18853
17538
119224
55613
83588
71528
01217
85676
38346
94674
85737
104214
43509
66875
22740
96384
111322
108934
016559
82654
83935
33245
64056
5962
86344
40270
012815
59629
35132
97198
122058
112359
92416
2669
012705
96757
101965
28476
77131
112469
017367
41708
634
125999
87646
15808
8032
]
Roles[
00156
0031
00140
00135
0066
00153
00138
00166
00178
00130
]
