concepts [
0142295
164258008
241780004
386635007
0102164
091094
018791
463277004
024899
32460003
361572002
018675
270356004
040918
465834006
78051004
441747009
417450007
429692000
0116084
229631007
278841002
0163860
469635002
714729004
058943
422354009
0133376
0121227
0123987
419092000
74091007
0105816
0117367
0141913
336691000119100
199268008
067892
0109992
041616
043457
011804
159468000
0163797
0131698
329316006
129225000
710323008
245103000
036018
]
roles [
363710007
363713009
127489000
42752001
363709002
419066007
370133003
263502005
363705008
246454002
]
