concepts [
118859002
0115186
707678002
010069
63698005
359684008
017072
060996
28319009
071688
036196
070583
1593000
306080009
6032003
01237
28064001
294883005
131799006
243801004
29429005
0111466
0174646
019222
7994006
72594006
105982005
62090008
409329000
303375002
1092371000119103
058775
17003006
26430001
20484008
127286005
212516009
710133009
312952004
225779001
120875004
16453004
472851007
060119
387346007
083391
0136766
43777007
244698005
714669006
]
roles [
424876005
363698007
246454002
363710007
116676008
370130000
424361007
42752001
363713009
246090004
]
