concepts [
0137455
232483003
160325007
163859002
94617002
430485004
88578003
410580001
227648005
060598
318535004
315451006
1081000119105
2603003
710106005
226708001
0129351
707610001
032161
077879
411396005
347423005
059640
0117319
713395006
166427008
022979
093729
0102347
256519003
276461005
01493
372167004
0123414
1184008
067986
385767005
236643004
081892
0121339
72185009
406957003
69109001
376012004
0145597
022118
081482
208623004
363366009
37741003
]
roles [
260507000
424226004
370133003
408730004
263502005
246454002
363699004
363709002
363714003
405814001
]
