concepts [
071120
164735009
036478
193237003
364725001
057236
083223
54409005
251026006
058425
0109303
022273
174045003
55049000
033387
0125972
158978000
88437002
162704004
384761000
17462005
022201
099223
068785
431320003
076457
263766008
242992007
0131157
300117008
78329004
039450
313900005
322596008
20191000
463513006
55689007
96122000
427214004
098532
256132003
13728005
064402
0137871
238423005
0154391
68278005
070185
017458
698318003
]
roles [
116676008
609096000
116686009
272741003
263502005
363714003
425391005
363710007
370135005
255234002
]
