concepts [
84411008
234580003
473254000
0101376
08929
203942000
466358005
057198
106504009
16456007
0150181
294413007
133224004
62849006
78398004
0127852
065746
162410003
16011006
0122958
305957008
123990003
0117147
90554007
072864
83982007
0118763
31245001
4556007
0168805
0130389
286747008
191475009
22953008
5611000146104
16223008
48033007
410705006
391529001
130608005
12138000
82108004
0156386
40935003
047014
053113
046253
708444004
21184009
24226003
]
roles [
419066007
363713009
118170007
118171006
370133003
246513007
363714003
410675002
116686009
408732007
]
