concepts [
246914007
284369001
261067004
431600009
322231004
031566
50691002
114360005
126698000
421323008
73450005
709298006
0154118
050967
117871005
027558
028223
711508007
08357
069722
303925005
241962000
57407000
0122330
031931
0143549
028569
42325008
228662001
237726001
307669001
211364004
709090007
425902000
314335008
09268
294185001
89961007
0157292
185774002
31253009
013856
0116574
428438000
208006009
067304
264176005
299661006
124677002
433337000
]
roles [
363705008
363704007
127489000
118170007
408729009
260686004
363703001
363700003
116676008
424244007
]
