concepts [
21712005
013823
421742009
0166800
042203
95993009
039369
028278
309806000
1050006
125606003
06723
061242
468042007
79797003
396788005
056351
347232009
8853002
060769
449327000
56853007
0167648
063538
128689007
025251
449734001
128441007
063056
284754000
106438004
297936001
0157550
228087007
033686
114081002
037364
057363
36038007
32375007
447700007
280700008
440105007
311689001
11665006
305920002
51689003
92671006
0169126
401528007
]
roles [
363589002
116686009
425391005
260870009
405816004
363714003
42752001
370132008
405814001
424226004
]
