concepts [
706058003
447014001
405933007
373664004
448257000
042360
314970000
043948
022788
012117
064671
083313
212302000
263115008
307632004
423634009
0100111
182954008
35782004
402183009
704977000
444436002
53259005
72152001
391894009
36940000
125781000119108
0159243
127381003
250027007
415980005
098897
0150821
396834007
48939008
0146388
27454003
465572007
064923
469404001
081913
017665
15016005
44589002
0172024
403653006
06296
10954006
118358002
33509005
]
roles [
363713009
118168003
246090004
408730004
370131001
118169006
370129005
260870009
42752001
424226004
]
