concepts [
705333009
292955006
080954
86091003
052496
371595007
181704008
117124002
251523007
06890
0155755
430331003
45636002
08427
0109779
701485002
059689
04092
23913003
0139130
084841
309673009
426446005
534004
80849007
037464
302345000
0144687
023929
080431
368185001
53944005
363431006
262318008
0112160
282502007
402957000
0169575
3591006
059410
115484008
093184
0111686
472973001
059246
080488
234918005
063019
0102510
0139390
]
roles [
410675002
419066007
47429007
127489000
260507000
116686009
263502005
118168003
424361007
118169006
]
