concepts [
127456000
085960
119540003
0131226
0134647
0135570
0171138
068683
103781000119103
218153003
466311002
68423001
34801009
0155270
127057004
288264001
6712008
067192
204192005
314471005
88577008
0174921
0164526
034049
447102007
164428000
131003
464497000
07566
075921
223898005
024936
307723009
131108001
432404005
275519006
364664005
058173
032776
699054003
363449006
59154002
253088003
261816003
304376007
0127287
446767001
32187008
258937001
57214001
]
roles [
370129005
118168003
263502005
255234002
363709002
118169006
363713009
405814001
419066007
116676008
]
