concepts [
283184007
019695
438478002
361063004
66719001
264742008
061467
88812000
081436
180978008
072241
053739
0142072
056054
34201000
365607006
93654000
109667005
1085121000119107
0109516
376544009
609636002
072140
0558
058022
0124816
302233006
170796001
467337009
040751
309753005
261422002
444512003
275161007
426418008
68754001
170841002
706310003
122022008
037144
213257006
0162709
117960008
223752002
085886
283356006
433789007
372625009
702808009
183833005
]
roles [
118171006
127489000
363704007
246454002
260686004
363702006
363713009
370130000
405814001
405815000
]
