concepts [
046054
371129000
313273004
189099001
37168005
210671008
117064001
0168898
29919005
433511002
416980003
291030004
026355
55057002
15607007
292023008
703172003
069622
294176001
245225002
04672
019786
7725007
204924000
62169003
308859006
0111404
388246007
303480007
712654009
392488008
18362009
115390008
294577001
88342009
0116657
47193005
115796000
276373009
419297002
401704007
262046001
093787
08970
446852007
0171303
013738
93523009
103210004
021574
]
roles [
370133003
363714003
363701004
363713009
370131001
370132008
42752001
405815000
424361007
363703001
]
