concepts [
464577008
249400000
083235
15784008
0171042
698211006
64881001
465654009
0161968
0118891
0105182
52232007
710107001
093494
0158793
0118072
0167424
369597001
0118564
449076001
0101764
02420
213919001
399122003
416326003
258404008
369511001
0152395
249240009
045453
177271001
305060004
0141931
0157913
420684003
047275
53935009
010649
4374004
245388004
407215007
0161912
1115001
64997007
0105509
037794
364749003
0161209
431885000
079605
]
roles [
246093002
260686004
116686009
246090004
370130000
410675002
363705008
425391005
424226004
246513007
]
