concepts [
10760781000119105
308206003
034780
637003
411269005
42609005
069598
349802000
398262004
0134132
0160820
136349005
0136311
402563000
020582
058410
0108369
332461001
442900007
228536000
278124002
0103379
258595001
395808005
086114
084852
712478009
063607
0144852
266889000
215542001
312283005
4047009
704568003
0143619
025010
047381
0149397
053266
466568004
0136854
097259
54607000
283961004
398423006
07981
46035008
128926000
0133405
697984004
]
roles [
260507000
363702006
419066007
363698007
424361007
47429007
246454002
408730004
425391005
363703001
]
