concepts [
14891005
291538000
234579001
430773008
55996006
0167474
0170934
253401003
387304003
0120115
230563005
0169566
0126517
020715
077707
0128997
426417003
062905
362957007
03759
0116377
0151696
07663
0151214
025972
172927001
406802001
042047
267765006
293394009
74656003
0142909
17806002
078966
45570008
069934
448650009
231877006
033385
433819008
0155355
417681008
298684009
020834
055789
029099
245665006
283426003
57860009
239454000
]
roles [
405813007
363704007
408732007
246513007
260507000
116676008
363700003
405816004
370130000
418775008
]
