concepts [
415428005
130868005
128892009
04708
41585009
115125000
051538
058765
279284004
701378000
212198000
9404003
33588000
705155008
417476007
409395002
02492
0144198
59133009
096948
08323
54120001
4701005
0124200
68839004
33096000
324258005
032454
264508001
0102193
0132005
309030004
92710005
279983000
021607
028911
421359002
0152041
068229
312562000
0161221
042427
0110116
248019005
403650009
0106946
060337
84859001
051536
233851006
]
roles [
260686004
246513007
609096000
363703001
116676008
118171006
410675002
42752001
363710007
425391005
]
