concepts [
406575008
0138111
236297007
132708005
040094
288739003
468056009
374897009
311577006
033550
0129283
086146
080203
259237000
074143
402886003
707170005
033099
33812003
130220007
56348007
442733008
707763004
713356005
87423009
704185005
261875006
289315001
466011009
52510004
169089004
174544008
348024007
23414001
067386
422736007
228377000
57500000
53180009
365951004
399953002
377504005
164185006
714638007
31382008
244868001
131105003
117929008
467892009
233278003
]
roles [
424876005
246513007
363703001
424244007
363714003
118169006
260507000
363713009
424226004
609096000
]
