concepts [
273898007
0113248
415524009
052453
431346004
50832009
88909004
407499003
235751001
373287002
258015005
433497004
069251
084865
395782003
402792003
0172831
084863
223671008
59007003
0147483
281422006
388444008
73035005
0144931
387459000
279885006
51365004
035245
090748
281901006
118287003
077821
424025006
217918008
0170457
399430006
250530008
0161942
187001001
0137992
099183
019153
301006004
420337005
430777009
244116006
0115041
77222007
042822
]
roles [
424244007
116686009
408732007
118168003
246513007
424361007
363701004
411116001
363700003
260686004
]
