concepts [
0161062
0136145
57056007
56848002
302779002
0113852
62049005
11868005
027083
0165930
441126003
464120000
0154258
387816002
41084004
0141461
403730001
049888
92852007
0142850
121811008
0168209
0171769
370583003
0100036
14137009
64391002
609196003
34044009
369634004
18275006
272466003
121942004
114846000
0172339
87453002
093579
05785
29283005
73412004
050014
300650009
447352006
431827006
413331009
08680
012056
024573
413082001
0151753
]
roles [
260870009
363705008
127489000
370133003
118169006
246454002
370130000
363589002
405816004
370129005
]
