concepts [
405328003
410179009
0121748
273027005
13770000
079587
126554008
439901007
051748
705139001
310123008
197632002
061936
373191003
117660006
110141002
70939003
247603000
104660009
117619004
298526002
705020009
015940
11624006
256932002
239358003
088409
698568007
261872009
105995000
0134558
0148789
0111460
035110
90493000
029650
440889001
0119401
173744003
445010006
434241005
093642
270988001
33831009
44957002
211596006
420366008
374599002
463235004
01745
]
roles [
419066007
363698007
411116001
363709002
370132008
127489000
272741003
363699004
363705008
260686004
]
