concepts [
110985001
282129006
275264009
0108546
463067008
269516007
272672005
108661002
191972002
084961
702224000
120940003
415075003
0148273
0162311
0151596
0159314
279977003
46144006
369050008
269196004
399719007
264355007
0109491
0156959
091882
444305006
6297002
32552001
282918008
069649
0153874
066006
710664007
238644003
92811003
01298
014072
111232005
0127577
0143681
405539004
75679007
167961009
064225
702834001
310834008
400911007
38170003
232328005
]
roles [
363710007
118168003
118171006
127489000
363709002
609096000
260507000
363704007
370135005
411116001
]
