concepts [
699528002
432576005
185470005
232301000
308461008
302922004
0123952
096652
466434007
0124527
231326006
055636
276037005
2648004
403062009
0111725
0103554
0140175
113953003
254219004
074825
124284001
107311003
326324002
426219002
46032006
325261003
0143368
313795001
0124641
020015
099298
0116573
082527
372883002
224599001
268019002
0130021
126705004
45892004
057418
285792009
66670000
058421
0124614
412901000
163382007
274926008
032276
61909002
]
roles [
47429007
255234002
424361007
363702006
425391005
419066007
405814001
363700003
260870009
370130000
]
