concepts [
031090
056421
428657000
269481009
307727005
0125215
36569002
255109008
058255
89212002
021101
042622
262484000
077461
247613008
117737008
0166666
250904002
411449003
098028
034150
17835005
56653005
300833009
091491
168746002
041457
246869006
053931
54119007
181500002
224910005
069467
20286008
245615002
181929005
0126716
0172940
298833005
440644000
01141
269239000
282918008
427517005
373355003
283327006
295604006
0166633
05042
0134037
]
roles [
272741003
42752001
363702006
118171006
424361007
408730004
408732007
424244007
363709002
363589002
]
