concepts [
286854006
399806001
296606003
704232007
76016004
0157774
399903008
223931000
385079004
283937006
446974000
012746
215117001
014847
0148859
0100378
415969005
266053007
95303006
75206005
019818
022027
035258
339289000
0122426
038569
433649008
416897008
107408000
131122001
013680
708726006
76731000
042839
218534001
253809007
067303
012237
415575007
423127008
29817006
57707004
08942
298304004
417448004
699081003
706250003
0124294
450966000
423088003
]
roles [
370135005
363704007
363713009
405814001
370130000
272741003
116686009
363698007
405815000
408732007
]
