concepts [
062997
192991000
464686005
0142329
0138882
15634221000119104
0564
443362003
052860
128044005
68275008
066574
432245000
609128005
22331004
074028
059886
49258000
44837002
0118056
170594001
12196003
45870003
0122579
103901004
159301008
016573
135811000119107
028258
448087002
431559008
417558002
0149274
057706
090450
68322007
698182002
054426
34204008
360841004
414133009
290289006
42332004
098930
0107282
248354006
089079
9634000
399564007
445453003
]
roles [
363703001
127489000
418775008
116686009
424876005
405815000
263502005
408732007
370131001
116676008
]
