concepts [
226840009
088202
440040005
0114906
102811001
0101392
0106745
242560001
0117653
0130394
6492006
129168005
0124917
104322009
441240005
286996009
0138083
0147133
414804006
438829004
169127002
128239009
428059001
010405
031562
385175008
370306008
0116459
275839004
219077003
097613
365170008
74163002
466418009
086950
0480
0172280
425778007
0156003
49222007
360079005
438948001
7307002
235873001
399587004
470613000
072659
209834008
714820007
18939001
]
roles [
363699004
370135005
260507000
363700003
370130000
118169006
118170007
410675002
363701004
47429007
]
