concepts [
180696001
252905005
250106004
8724009
0158639
046037
164869004
125253005
385220007
293434007
324572002
074830
086059
438288003
048275
3285005
064546
0147575
159828007
275736000
094345
55090002
292112006
08893
403567006
124343001
0142768
288735009
083993
1082601000119104
449734001
034251
203355007
314056003
212039008
405733001
711049001
362293000
075394
071769
158947004
208393000
707250009
015634
699228001
266888008
0106383
463029005
024025
23591007
]
roles [
419066007
405815000
118170007
363705008
424226004
118169006
370129005
363704007
410675002
408732007
]
