concepts [
0104809
24243000
115531006
225669006
423890001
52426000
59457001
247964007
0132057
308006008
234589002
047201
1748006
012527
127247006
01412
302943003
0146957
311535006
14937008
73553009
0114007
239347007
0173692
126804008
298252007
0149938
228683007
37958004
406657001
273009007
089992
091131
0122822
421517002
0120620
0132976
372975009
216547000
32112006
438325000
394583002
49926000
037601
296620005
459124008
3487004
025366
4277009
25888004
]
roles [
370131001
116686009
363589002
405815000
118169006
246454002
118171006
408730004
246093002
418775008
]
