concepts [
77251006
0147104
403861003
046446
52878009
045797
121790000
0123541
95408003
78347005
463854009
91793005
470009006
293387006
236498004
0119894
32776006
709567005
241169008
08878
094254
129080004
95627000
184154008
047565
68881005
229828008
279549004
448754006
188947008
448480006
085777
0124797
26725001
03439
433144002
707868003
701380006
117460001
362756005
011278
234761002
438570007
118323004
419557001
0112656
225395003
9186008
74829002
31438003
]
roles [
405814001
116686009
42752001
246090004
363714003
116676008
424226004
424876005
424244007
263502005
]
