concepts [
368757005
049161
0144813
098034
214929003
0161403
78836007
24739003
0101219
115605003
110498003
044332
708911002
211914004
308036004
54517000
228041001
256274002
707556002
300014003
042018
070074
012964
64214009
0140988
28886004
67331009
19322004
210871006
444386009
371948000
257237005
0173731
058330
407100002
285174008
26981004
0155306
097023
0155586
77284006
79205002
443727005
0104351
0106802
0106009
407379008
307957007
467055005
72997009
]
roles [
425391005
118170007
118168003
363705008
408732007
363714003
116686009
418775008
410675002
370131001
]
