concepts [
276414009
409974004
0147261
47894002
356889001
05136
071994
703528008
125241006
49381001
297758008
699145004
0101662
165758003
0144340
279168006
188065005
410504008
057847
4911000146107
449241006
309935007
0140794
315369003
064308
44221002
258150004
409472005
0166778
55833001
713423005
122144001
41087006
079600
0112261
0139125
704749004
404636007
0104179
0159790
160923008
088050
297503007
0157749
0117529
169321007
0141393
77230008
027554
271529005
]
roles [
246090004
363704007
370129005
370135005
408731000
363698007
255234002
363709002
370131001
272741003
]
