concepts [
65770000
110942005
025074
0151186
049752
235348006
0131247
054963
20848007
073469
0173212
707123009
448621002
43641000119102
459093009
0166926
04830
097383
0156963
013583
80424001
374610008
261417002
107533000
266704000
018900
043110
055728
0100894
0146557
446603005
03369
87148003
609024009
469180000
062340
063291
89753006
0149807
050625
258222009
450605002
362089001
0154307
0118240
20716004
319551001
259345007
24841007
081294
]
roles [
272741003
116676008
609096000
363699004
363704007
363703001
424876005
118168003
411116001
405815000
]
