concepts [
0140767
053211
223893001
7745004
298392006
307896000
430186007
094959
082727
39740009
086720
024299
37665009
057014
325991000
299553005
706956001
24724004
02574
287702002
335002
06367
372694001
0175012
441424009
37055004
077334
297006008
439015006
030964
079655
02334
045126
060809
0134292
52119008
444427001
293358005
228342000
14879001
088029
037630
42497006
168436000
290236005
39124003
434397006
253608001
174208002
327002004
]
roles [
260507000
424361007
408732007
363705008
118168003
405814001
410675002
255234002
363701004
246075003
]
