concepts [
0160863
024650
302229004
313247009
0167214
211717001
439721004
0159630
470290008
79395009
033931
703895009
051036
0152275
227135007
279674007
258261001
0111281
223664003
411528002
428325009
447336008
0111850
44959004
0101816
254271007
239270001
199416003
40280008
06998
302303002
320532001
062589
111929003
230491004
013174
4983002
55700001
094146
060150
250547009
59525000
115704005
432439005
388637005
103386002
231990003
303252007
385155004
0136471
]
roles [
418775008
408730004
609096000
424361007
118169006
370129005
411116001
408732007
118170007
370131001
]
