concepts [
0151484
090862
421410002
273696008
258260000
429027000
078846
1694004
416289005
60659001
348315009
262802005
402671006
258853004
231982003
289220003
016552
449428009
056730
66774001
133284001
188789007
0137996
0132293
08267
259250004
245899006
167742002
73845006
052479
041153
235170000
168214001
235274003
051723
59068006
701573008
033894
401779003
131714000
0113656
310406009
129953008
0124891
467741006
298637009
446312004
108361009
048785
190448007
]
roles [
42752001
424244007
363700003
260870009
363703001
370135005
246454002
127489000
363710007
363698007
]
