concepts [
0121380
313406008
255487004
418169008
091672
2909002
290965005
0135241
65424008
86981007
262121004
107391002
0174090
333254007
103500009
0160484
097874
116350004
0110867
312399001
608896006
421074006
268799007
110766008
0148962
0103772
126885006
31077009
18998007
226265001
03139
58709004
0129168
230828005
0142587
018431
317892008
167846009
314494006
197994001
055706
169535008
0112998
234905002
310497006
67771002
256833006
409697004
281000119103
025449
]
roles [
370129005
260686004
116676008
419066007
246093002
410675002
260507000
370133003
363714003
363700003
]
