concepts [
346612008
29962006
24420007
069511
42861008
399071006
300455006
0130408
91284008
304854005
055486
402999004
087755
292745000
110239007
0100646
292361000
047939
250928000
246690000
0134555
064604
0153394
0132822
75017004
020504
082931
306562009
449553009
0140601
097178
377563002
2245007
042322
13827008
250423000
38078007
7231009
374803004
398096002
243790003
092385
0122305
429415005
416401008
207759004
387582001
94068003
02790
39912006
]
roles [
260870009
405816004
424876005
118168003
609096000
246513007
363714003
246093002
255234002
363713009
]
