concepts [
0131802
447232008
8297008
216623002
38524004
039857
248095000
0115487
297517003
165887009
57365007
0144078
0122047
284383004
423720000
0132539
099983
0137893
180920004
013361
0165222
279792007
211112001
309177006
422824007
055533
92579004
033881
272333001
441353006
242545004
309420001
360589003
401163005
074515
390791001
072340
218370002
20390008
55461001
407654001
432113002
049295
298744008
04556
0126238
458117002
430326000
323083008
103448007
]
roles [
363699004
118170007
246093002
363703001
411116001
408729009
405813007
370129005
42752001
260507000
]
