concepts [
470473004
010533
0148875
48321006
15965003
322118004
0167494
069759
434857001
31939001
129454009
013545
50650004
40402000
63518001
0109238
065047
3723001
265757007
199237009
060692
53259005
168128004
132894007
254519000
0313
66859009
429654001
705399005
281261001
090600
87366001
0154918
14076007
308905009
028394
442205007
244431009
0111876
191789003
0147006
32777002
01702
028627
108893007
263885002
0100817
39026004
024454
230157006
]
roles [
405814001
363705008
260686004
370133003
411116001
363703001
363714003
260870009
408731000
405813007
]
