concepts [
431039004
0115224
0149736
263301002
73959003
01642
240081004
65696007
0174656
061919
253544001
277949001
35711001
58834006
398565003
0160371
041659
36498001
231579002
081857
128636006
32651000
367883007
0122345
433923001
230375001
090334
0163918
441829007
67899004
027248
0169537
67906003
709006008
0151814
077804
466068006
090863
022635
286657001
428503004
26042002
406611003
423554002
64450000
34009007
63358003
094074
086529
67357007
]
roles [
127489000
424226004
260870009
263502005
363699004
363698007
425391005
363702006
424244007
370135005
]
