concepts [
364810009
300362001
55408009
253299006
408656001
713242006
253324006
254572001
068526
063963
33971000119104
707991003
21320005
269061001
292942005
61761008
428450006
056889
223611002
0117191
421128005
208808006
306231006
57097000
023015
62320008
0172791
0174054
049117
105452009
057171
181482005
297455005
0117128
048302
085913
283874009
07321
361635000
702667000
0146690
08725
9811006
0165789
021819
032985
314282004
426755009
098201
0110967
]
roles [
408729009
363705008
370135005
246093002
405815000
118170007
363698007
363700003
272741003
118169006
]
