concepts [
019055
263311009
0149666
420606003
77352002
706172005
69462003
0173912
0129421
61450004
0144888
248101004
049459
418102002
0135557
266827000
302925581000087100
182660006
72857005
0112502
0124138
158953004
016455
445750001
112342006
699359001
281561000
401178003
367567000
470223000
88528000
272908006
314016000
417983008
236757005
037070
071672
404117003
063424
278702005
227029005
046268
85266000
261003002
236789001
19493000
038256
026933
248686007
30621004
]
roles [
42752001
405816004
363705008
370132008
363714003
405815000
246090004
260686004
424244007
118171006
]
