concepts [
029042
214370006
0120147
018673
184967007
08414
0120834
365848007
262160002
707157001
386170005
211946004
171844004
41800009
305885009
111952004
347133005
287326003
134452004
015065
224078007
0125199
431841002
0117349
241743005
448709005
51116004
095635
071711
026818
312052002
202707000
05281
133135001
251439002
050562
322096003
31757006
79910006
48244007
0102952
0122153
106670008
405748007
368327003
95144000
69762004
218093003
076260
243653005
]
roles [
405816004
411116001
246093002
118168003
260507000
246454002
370133003
370132008
424226004
408732007
]
