concepts [
365851000
122664007
444477003
116806009
058016
402137003
20489003
33813008
73284007
323365007
705215000
444809005
400425003
131008004
59375004
047739
0149484
273581001
012271
042607
014938
069469
366068007
0100624
062686
0132491
40778001
077845
698957003
264372000
83302001
177603009
2358005
403648001
023253
462572003
0132864
428183006
231086002
418600009
89511000119106
302386007
58038005
0144983
298085006
071233
096122
0115597
044622
282501000
]
roles [
424361007
370130000
405813007
424876005
609096000
370129005
363703001
363705008
246093002
363710007
]
