concepts [
0144154
75615008
024036
0107280
215310006
303455007
128695008
61556008
12346005
423945009
285440004
015089
83023002
465689006
61123001
0142062
360207000
64528004
26195002
328669009
244897003
32730007
0174077
66874006
423995005
370468006
404864000
434492004
0116978
609047005
203089001
209407000
706693009
06801
708170008
090182
466780005
037108
440886008
54112003
386860005
425600006
0151564
79158003
041948
110866000
275073005
0152228
083771
0117396
]
roles [
363699004
424226004
118171006
363704007
246090004
410675002
411116001
425391005
363701004
609096000
]
