concepts [
32768009
0166657
427433006
255814009
31397006
295001
463165002
267091000
0151456
277760002
384786009
285354006
181446000
019461
0134283
280158000
49932005
0130297
325611004
70731005
064326
303949008
15948007
010587
053652
014429
422868009
86701002
058014
10125004
257900009
303576000
0141910
184047000
075513
0102697
200842003
055267
09114
418255003
0171071
365657003
421165007
296533005
0129394
0127064
121342005
231523004
065564
109324008
]
roles [
42752001
246513007
363704007
370131001
363713009
363589002
118171006
363700003
363709002
424244007
]
