concepts [
408561005
56945000
288740001
0104454
438297004
1413003
704008007
430807004
0156982
64118002
097576
092927
61320006
41889008
444863008
322809004
424207007
440559004
230287006
070202
50529000
104535001
079661
0145795
73026003
128989009
065092
295378004
50288007
0162176
194058007
404210005
1410000
0153446
111176008
713487008
046631
14323007
32513008
020039
304037003
369868007
0135847
411277009
233905006
031590
133102006
463865004
0105701
251133009
]
roles [
127489000
408731000
363704007
363705008
260507000
370129005
425391005
410675002
370135005
47429007
]
