Classes[
33782
06360
21047
09876
111963
59465
84751
119239
42665
24748
2314
116225
122801
80287
20290
107182
119536
75687
29253
115178
32365
013259
50932
21428
122769
17506
44437
93728
15838
117447
80617
40957
73518
90190
05161
81461
122244
97539
50232
38868
106567
04750
86510
125798
79447
57709
99674
98586
77999
01258
21933
118142
98435
877
47580
02238
22898
13954
118897
12596
27929
52632
016449
125233
06547
15618
1821
8708
28698
96307
102015
5526
25708
3257
107115
011412
60671
112552
74612
7658
58095
107808
112456
72261
124317
94785
62646
57683
96980
37568
114160
44394
53998
14657
2487
71801
62479
84567
010501
40987
]
Roles[
00122
00158
0037
00141
0039
00125
0025
00116
0066
00114
]
