Classes[
97058
1194
08172
72507
122173
33762
46041
107983
80036
60278
61044
87441
106001
013527
75961
1337
64123
93736
14009
32627
116053
16703
92442
28004
26339
122238
116318
011755
48581
80637
23427
53722
41586
07304
47779
05079
48434
05585
89854
83550
72313
56184
18003
53463
122749
04232
5410
57670
016418
017983
33564
10308
44651
20478
21596
39534
48484
13827
35841
13324
100919
56720
52429
60487
1180
104103
32807
93808
41681
84808
48936
80791
118151
013508
41165
78571
4890
7681
113508
47844
24599
012247
118299
111023
16139
33617
011435
120782
17992
03208
79775
30017
6365
54849
28757
59292
09639
20227
124458
01874
]
Roles[
00126
00168
00176
00174
00166
00122
0051
0041
00170
00140
]
