Classes[
63743
21221
014504
71856
113117
04831
53921
2643
97855
105349
4293
117132
76763
18488
02139
94960
78789
120393
75673
40330
75119
109976
97685
49372
40217
39623
05268
016990
101962
34446
115964
90720
86649
65099
45084
014365
48946
03749
62360
69093
26022
106132
19315
27841
28832
48040
58427
96593
32767
125412
27220
64638
25781
76691
02854
99984
0727
88208
24518
81478
124672
1076
102551
92277
68859
78012
92872
3740
71160
110224
65823
64887
116584
90725
61370
36150
6203
105992
1579
016632
100273
5617
83909
56077
118406
88062
97753
014285
4182
82158
115909
8803
81859
105607
55684
87429
65034
24787
42538
25804
]
Roles[
00156
0047
00167
00130
00106
00102
00115
00124
00170
0044
]
