Classes[
56326
010129
90916
84978
50807
24500
24375
22712
1054
10406
120930
07341
29573
013867
83956
54605
6201
83366
105447
02435
76378
04713
116363
69058
111328
04239
75558
118639
80858
15895
104418
26975
71789
101528
50993
93915
79240
01984
82909
61661
57210
47972
44851
85889
07839
64815
115886
93944
115190
012432
83026
86191
72449
21533
103303
101180
58575
119829
99331
50996
58863
111368
107349
51426
93652
015072
106716
9799
110949
05981
27935
102034
014656
83418
26865
124417
110180
116925
29739
115942
15087
98698
94046
110169
125452
87395
24943
011618
88784
011730
29913
104731
4314
121730
113429
41902
28732
013427
52440
107528
]
Roles[
00158
00139
0029
00131
0088
0036
00176
00138
00105
00133
]
