Classes[
55153
8844
018843
66546
16782
42604
41051
34870
123537
18750
15539
76438
97565
52021
96301
63851
36553
05404
116409
89473
27547
08544
61295
16143
66837
011236
75979
117049
02326
04759
012422
100585
24653
53120
96101
13889
93859
112649
68593
58718
57946
017379
50299
09076
65471
105893
2991
72736
80181
52665
25543
75800
104135
66023
87669
102382
109228
28486
38870
114213
018148
7540
119842
04414
21646
27177
118379
85346
114299
44214
36550
44114
018507
58136
12701
98066
125892
015034
109990
103578
82326
25025
55555
83360
21063
06018
39707
75683
121631
94551
49946
56171
42775
74708
2412
14406
112826
125959
52851
38351
]
Roles[
00100
00178
00140
00122
0042
00114
00160
0032
00139
0051
]
