Classes[
1927
39662
57391
52730
02890
66269
44031
44010
40346
17028
018991
012052
58275
109441
09823
104057
35726
15136
76893
95299
18808
57969
5825
53671
56133
01755
33656
105540
48389
62279
019052
124315
106233
36104
113397
124668
101438
3228
56035
41095
7896
07252
103032
113358
107664
104664
37519
14149
99020
018866
29574
123913
112181
38289
81289
19031
15439
114985
51380
76535
109671
37267
102497
74559
115338
23557
018005
59622
35805
50935
37143
6914
117019
85798
01300
89604
03151
112600
111827
07777
100991
110057
43600
126221
08531
017295
110966
100828
60908
28149
86144
41656
102733
23578
16477
05706
42581
38141
48725
106875
]
Roles[
00115
00112
0050
00124
0025
0049
00160
00177
00158
00116
]
