Classes[
33488
113679
05537
111911
07219
92116
12068
20186
27881
61665
114473
66800
116341
09353
48495
012216
38069
58046
80383
75891
106563
2311
101205
9997
111249
15100
17543
11236
112698
94073
93213
04767
33276
105274
32043
16594
13367
39358
02946
22183
33525
25798
33620
120501
017069
012874
123778
35577
60196
35152
34688
105430
59988
104980
104336
114327
87999
98692
3118
018775
120049
60268
27648
97268
54392
119498
016568
64230
43639
08514
99904
122746
48261
10935
011649
54724
30078
107362
120007
98742
125167
82466
79484
108621
02372
20159
114052
65670
39986
9104
7543
94970
102625
11079
60443
49447
122025
38080
59204
63752
]
Roles[
00155
0051
00174
0036
00179
0053
0040
0046
0050
00132
]
