Classes[
20563
43945
017873
38581
81961
58117
45887
123924
9411
86247
92658
44410
42993
57929
61730
93277
98497
101778
116110
49700
124126
01313
48527
38956
1124
13578
2111
40679
79565
45929
7199
5465
110529
104851
73436
107781
116187
70605
85559
76070
48295
122426
37933
26656
013497
2916
64809
116086
89635
46073
0185
74476
89725
84564
27538
36884
06139
99640
24190
45374
120817
91828
82676
35984
04010
03643
123901
106245
32850
12930
71659
125971
111215
107852
16578
105127
104796
05755
11794
75260
71345
29777
5923
018901
71511
51257
105660
16140
116655
84764
12758
25765
017305
08555
81014
124098
65265
37994
110834
101586
]
Roles[
0049
00126
00108
00132
00113
00139
00114
00146
0066
00159
]
