Classes[
115872
61970
83770
124313
11993
16664
01127
56624
66685
1213
14521
06674
61292
113889
19501
64760
105463
48554
02589
45535
20431
27082
54003
101317
100880
2397
16408
08522
97227
27666
84823
36865
109992
18046
392
87700
43205
109201
84078
017818
014485
2082
49714
69410
58130
126092
111900
92263
61472
96479
54081
105860
120360
16735
4741
113908
57014
011215
86281
110394
11552
105264
85971
40175
110262
56891
012688
90486
12443
85178
29598
0432
10180
100063
86561
41478
10273
77987
54238
08264
2228
04780
101245
119830
82933
60917
34062
65970
62296
54418
29326
124003
08289
52067
011711
88764
09869
14461
28839
126272
]
Roles[
0038
00160
00116
0051
00174
00176
00122
0032
00124
00105
]
