Classes[
51537
93939
013525
115706
12671
05877
9659
34974
88215
014975
39750
88938
40828
91508
48268
17394
5559
16189
85139
34843
85580
13998
99492
98378
03847
010781
960
84757
83876
80592
33741
07079
0495
100902
27549
100451
54454
0316
85757
118946
9951
86749
08157
2946
60499
39619
016633
10085
93595
120785
12501
38634
01129
88088
82170
48910
81729
016473
82979
114827
2414
011813
122044
87965
57586
98877
01140
27387
113873
103301
63103
55876
82054
96551
06637
63322
38723
119580
85207
121250
115937
03497
57543
14078
40780
010365
09878
28832
107603
012777
101821
57513
4398
7465
117435
52681
35892
87116
122376
0770
]
Roles[
00165
00113
0066
0089
00169
00170
0054
00173
00110
0024
]
