Classes[
018280
03928
124570
28206
26168
124618
66179
115516
71571
0411
66389
8466
011821
91161
14077
019248
72113
82293
59548
82602
44241
5497
76014
02216
98589
68863
71250
96682
117839
76929
75142
96989
017825
58496
91877
04469
104821
39725
81130
93154
014626
110370
70838
2593
17729
1803
35970
32078
120569
527
6252
35639
25285
51262
19429
8166
40297
0821
015070
49698
37579
25255
03290
013910
14683
21256
016011
013577
53650
103469
34898
24219
9170
65937
81377
81187
55556
012067
01147
19368
33068
7248
73143
84584
99402
93196
014661
44785
8490
124479
1660
89968
67182
12453
16513
58386
110089
73384
122817
22897
]
Roles[
00114
00139
0053
0035
0048
0049
00178
00113
0050
00131
]
