Classes[
111980
106976
37622
119134
07617
8368
120052
72184
51958
16989
50348
09763
2824
95118
64305
51238
82357
94764
76321
50646
51239
79231
29283
012483
32985
15272
49924
79222
120287
52769
51806
84079
2547
113210
54432
55687
90591
13253
53843
65573
16471
114412
2560
64972
94601
21537
125438
4220
103894
39421
52985
02614
21849
6999
91659
82399
26699
25103
104586
55010
39767
15772
76972
01684
52795
21077
019191
54458
39408
117442
6745
58258
80819
71003
74641
113547
64114
125974
85738
118040
08697
107100
19505
08917
107748
08173
54069
014382
84859
115585
83064
05659
101707
97333
74522
018580
43840
62568
118714
99740
]
Roles[
00159
0026
0023
00122
00116
00126
0034
00163
0031
0054
]
