Classes[
51173
77964
24888
92679
07125
40684
104056
010317
84381
88520
06773
56954
63999
65377
36672
123687
81322
107966
72395
5667
011038
5848
81321
25237
9914
116628
05337
01179
125371
115024
93841
45336
101468
74359
81061
101692
78771
121358
18383
017963
90002
25078
51004
18472
297
34863
116391
77787
11252
017545
64564
86496
02171
85733
010341
81482
122737
6360
121866
11070
89836
67110
35390
52432
09024
111704
04648
49265
49034
54712
49857
51341
89773
69210
66504
014378
80715
119327
29182
016196
110627
45040
126173
96427
3788
19816
113674
100003
44934
10059
0897
20137
98777
100352
60307
124043
010828
125399
113358
109043
]
Roles[
00155
00176
00142
00103
00101
0029
00166
0036
0046
00133
]
