Classes[
53931
40651
50957
45520
117977
113182
8711
04986
19054
209
23087
74415
42645
122775
125584
010871
56364
10611
797
56465
61340
126165
64618
2160
114345
24571
107457
99619
54084
24173
73571
86335
01178
61943
02166
7144
02067
2748
95654
20185
103862
65879
58109
81935
10023
109914
41471
55619
33125
59688
99481
85480
54212
33525
38019
53142
32461
014123
15994
76157
106714
58178
101790
8043
017693
64583
49569
51982
60907
61481
89630
89324
66848
010576
109285
10127
04110
45413
82901
91846
27225
100059
113579
112225
015966
8813
06759
07983
107089
78520
40966
4713
48924
68245
33729
554
112865
1965
012268
27491
]
Roles[
00130
0032
00168
00160
0089
00175
00166
0031
00135
0048
]
