Classes[
112419
017478
48937
40019
83907
123498
90837
90973
83770
018223
05898
21399
74741
102158
112159
117964
4795
014838
100735
5205
97644
00
4928
108139
25880
101962
27398
39833
5169
82221
1110
42510
119755
91113
63202
12158
105506
45581
19405
17025
8013
98719
27527
85523
37398
12817
03842
78217
17327
55912
44993
107502
98167
10329
86174
108687
111238
116648
54965
121955
23198
48538
64138
65957
105084
0279
75013
10365
010772
34421
01396
013891
86759
22125
122252
014593
17485
84367
8578
8101
77762
110760
114288
74513
38223
8997
40817
94056
014948
010243
56595
116101
35415
90001
67294
018091
48373
19982
24112
75915
]
Roles[
00160
00105
00112
00141
00178
0089
00177
00114
0029
00133
]
