Classes[
013712
118246
2012
92070
2505
39078
07289
010785
22428
010761
117111
88305
68629
25832
98571
13025
95118
43805
52329
57810
105878
28204
63056
36616
124385
122459
23865
14853
41231
106763
47843
58734
3844
46095
03269
66365
101609
87745
81566
04386
75683
101395
56016
75111
83846
76422
64047
010009
119038
83434
109382
29204
55902
3432
64536
16905
47802
66169
11044
018548
111548
67470
012681
76054
117358
114675
62633
86513
03117
011382
119928
95944
110437
74609
76068
97959
11141
30106
016382
39537
4717
6639
18266
75841
06301
9899
012672
84771
013925
14375
121331
08371
25267
81724
65367
77065
103559
96940
08669
011952
]
Roles[
0038
00176
00166
00173
00133
00114
00171
0042
0050
00107
]
