Classes[
012226
103818
57687
018249
118969
57886
5631
25442
55530
29580
44523
87772
51080
73393
74599
124983
77705
016321
112178
08309
73577
91934
84744
10780
59369
73783
11025
8058
011708
010934
73829
111923
105062
120926
81564
010637
18833
16878
23064
116029
85480
53106
120687
79347
87294
104150
017343
98392
106636
68588
100090
89541
118734
46115
109709
44926
5214
59915
112169
63712
9937
88825
48424
112565
63998
82412
106131
78548
85611
65795
114197
0189
124167
91749
87521
21442
018257
121564
103534
115687
57876
81118
123529
81849
07093
012151
98062
25092
7741
105805
97897
93170
112182
12339
52028
4889
013120
106615
98369
24557
]
Roles[
00105
0045
0049
00113
00112
00142
00124
00103
0052
00153
]
