Classes[
109736
94620
108157
115776
40000
107452
03091
49037
117590
39845
59456
014174
114205
8791
121617
45567
125694
010203
9310
015848
01803
38452
110349
107814
10669
016724
3031
47905
53189
10568
118557
53013
014122
106372
97473
33204
61594
104504
81948
21315
015333
78785
113932
80943
110419
124419
34644
43951
50974
05988
43473
84100
11292
36964
08170
66904
107994
29798
96858
40342
104232
1494
53815
117450
79824
116436
014
33017
63884
91897
32258
48766
83748
38125
19205
116040
55583
43416
79930
16816
34514
87445
36349
52176
0151
29961
7447
27311
107072
28225
18984
106427
92922
58786
73332
121627
51612
51829
011498
72378
]
Roles[
00163
00179
0029
00166
0088
0027
0054
0048
00173
00139
]
