Classes[
66145
100591
82550
83144
56923
109581
113589
91908
17693
102765
8412
120997
8951
73889
50350
107702
98684
43931
80308
59609
57396
64589
54453
014814
66642
124382
50244
37977
4460
36581
39500
70432
27292
65314
12029
88932
82058
95295
58596
011802
63533
44454
016309
84346
42522
05684
96360
100739
19389
1694
38711
27723
119196
13598
01146
018248
114289
19696
66070
124836
75365
011678
32354
102532
51369
35244
23688
92444
06206
99907
103451
29321
016798
43282
40028
28011
118432
013717
13511
54630
122608
73895
88569
92405
39118
95367
93156
102805
63957
124557
97259
4060
56255
116698
5647
28842
09102
28405
03607
116091
]
Roles[
00167
0037
00123
00116
0072
00137
00126
0044
00158
0047
]
