Classes[
72462
02705
44097
23704
59437
94618
111721
93472
99722
118077
2184
05612
56750
38554
82602
43216
33239
97647
102985
47832
62295
112242
124895
71516
01009
27098
08920
07919
87214
125458
75668
35938
20917
101872
55724
98453
5465
56110
113234
07167
54895
0265
20499
123355
98663
123060
32505
109717
113068
14397
98988
86332
121680
84229
110733
58468
89191
16663
20840
87767
101615
99663
105075
50427
37804
13318
33840
8393
99772
86885
01859
115603
25100
87603
78420
68254
108068
34524
57645
10317
01807
119163
50475
96250
114382
01728
34197
014861
24040
86979
110915
09042
73573
16780
100383
105972
017850
24126
32713
07944
]
Roles[
0047
0053
00166
00158
00105
00174
00163
00106
0044
00122
]
