Classes[
011163
02341
125755
16947
97211
08145
16933
2804
7126
81428
85646
121336
44820
010555
36532
08624
39895
10319
120035
01924
97731
05730
91993
80517
3164
50238
013979
34732
76604
78116
25698
125012
48773
59087
21338
77095
010914
05907
33315
06908
9799
66588
64130
18320
96689
07565
63815
35701
018514
89874
57375
05889
84362
115837
93567
113035
93877
100735
295
17815
15817
82449
124578
78759
04653
119508
23449
15941
55509
2048
56918
017706
011754
107059
58837
15357
61643
71258
16948
74492
19476
55775
50309
77964
93231
09902
63716
48589
64247
015012
44754
65286
19361
110292
10721
82852
34813
119890
102591
113679
]
Roles[
0089
00155
00123
00103
00133
0023
0049
00145
00104
00102
]
