Classes[
19135
110716
68326
71802
119581
47858
17513
92874
02445
44324
5358
13154
104589
27339
43895
55953
74451
123483
95339
121249
96610
03761
113513
52164
2986
106478
017518
60777
45812
103023
79257
109566
34838
99296
84848
106230
79474
61940
2425
4795
41875
78187
71722
95239
54141
01290
06336
07300
112435
87682
67234
24001
38382
112916
96792
62344
87903
35857
24547
8504
01597
68824
22415
75861
53977
92646
120273
63561
015209
03059
124992
59741
69033
101001
7440
108622
10262
56057
03802
010023
38233
14882
29390
5793
28134
120663
85850
49400
75252
98709
15740
011600
79169
25765
118663
33535
72908
101920
116117
29827
]
Roles[
00166
00170
00146
00156
00167
00137
0023
0054
0031
00101
]
