Classes[
86349
109250
011113
80023
38992
116429
24403
68647
41013
13989
11595
104183
112045
93870
93108
45593
012195
56052
4355
018530
97522
108468
103605
123851
017490
017289
80855
09853
26950
22126
18231
2124
27285
29387
63194
38527
123884
62872
58872
51611
95284
109103
62851
113877
3874
124272
015403
119838
016006
108728
77771
2885
03046
85920
73843
88079
87866
23102
55066
83547
06860
99098
2677
07343
111196
49020
111035
010538
825
10576
50142
66066
20445
56033
80740
9824
34710
58392
58850
101699
56758
309
36992
45999
09322
5507
04479
92110
53853
123244
6840
012998
5746
4058
4989
37988
36771
119020
3498
83872
]
Roles[
0046
00146
00176
00168
0032
00135
00155
0050
00107
00169
]
