Classes[
96757
21950
85908
18392
28167
91636
114305
65945
010733
54291
108699
107180
38250
22620
125507
105922
57588
33708
02421
4684
014889
34026
124508
76598
6360
38337
2934
8366
36374
37780
28249
013460
50726
751
33630
016771
1358
86881
117005
58135
7139
88892
104872
15895
88161
10507
52627
86784
04262
66778
108584
64836
98061
73339
28704
010179
58284
103801
73111
11402
115581
122967
95080
102194
015071
07928
98099
121783
21080
41987
92537
99996
6841
49883
7000
86954
7596
83549
104091
110255
99208
121505
35269
15440
88649
97172
12732
89269
35794
35556
92159
0522
35600
09374
6556
49868
64962
6835
2746
87725
]
Roles[
0048
00131
0030
0031
00104
0054
00169
00158
00163
00146
]
