Classes[
108065
88731
07216
018946
8227
75551
83380
37893
37602
60304
014121
99556
88213
83330
32504
3910
3736
112408
100577
122478
13308
116337
93897
18355
33322
116567
36984
57639
50599
65099
115826
55745
18937
5132
11554
11690
27278
103705
73176
79847
94768
013888
62894
7670
011189
97057
88991
76574
06425
5072
107284
014848
22262
23522
37608
014406
13984
103648
83925
113869
61021
94620
121145
26150
21244
25333
09463
22768
113537
66886
16733
16582
121685
017728
96173
05879
29043
116110
57350
70899
59850
6347
91576
125758
42669
120903
03883
117636
36356
54238
23784
10862
32396
80061
1379
36308
125132
90354
94999
05945
]
Roles[
0029
0034
0089
0039
00146
0066
00122
0038
0088
0025
]
