Classes[
60301
29431
86260
78841
112364
102273
84864
111209
103669
41200
78112
012597
106886
94724
123227
91689
115976
115251
59121
76721
106902
7987
5826
57465
55435
13248
94053
126269
19441
41800
43764
015457
012296
107025
1798
126088
90699
014257
125771
82476
012696
17744
62588
21669
124074
47901
08529
103119
91764
02943
011626
125053
87241
41277
118540
010905
91818
65125
22377
09707
38213
70789
15071
123196
71364
37500
26351
98263
119502
107106
106873
100731
66165
08972
114540
28940
36991
55555
49018
17941
90555
125794
92664
51052
6682
56348
15231
018092
015546
35062
112950
48946
20800
8163
015310
91757
118881
50292
45476
42234
]
Roles[
00158
0066
00166
0037
0042
0052
0035
00100
00170
00155
]
