Classes[
104069
119667
107897
118671
89098
96540
7978
22220
20970
77795
86595
118735
59533
23695
36800
010999
118789
96466
43338
60479
38584
38412
22453
017308
018850
55919
010796
016330
121274
105453
37889
471
66590
77172
86816
62273
83471
88366
118934
108409
22481
27529
1313
39012
09002
58758
013624
91640
117563
08348
125553
34384
84090
67400
4856
010769
111089
74652
54675
117333
53557
58527
20372
86377
4195
58626
40179
014250
99833
23591
80811
51794
51804
1555
115064
28162
102825
37217
109068
104057
04730
67036
39625
95031
51103
34135
41013
10730
4141
016
79433
42788
019137
8162
43986
65505
20526
96280
42074
122721
]
Roles[
0035
0024
00101
0054
00125
0037
0038
0040
00168
0044
]
