Classes[
013172
02628
919
36631
59108
54302
64522
11459
62933
52570
74733
40040
109599
102298
5702
83636
100826
100349
03772
71845
77120
23912
114088
884
74840
75192
91701
99538
116544
05622
66250
110149
07689
39027
02191
4653
105892
33749
39493
56351
23298
66314
32624
61308
102286
39548
124317
73334
04053
45193
38718
102197
15416
20158
109441
02079
41822
117657
05358
53558
5022
42636
120297
29678
125377
97914
106319
17884
011675
40203
24666
37615
09914
607
88246
23030
19535
36069
013954
94113
19835
27258
94962
56506
123218
13178
013022
91666
40084
92420
18545
108500
101215
98871
117800
125750
7505
40727
113109
11130
]
Roles[
00163
00167
00178
00137
0026
0042
0028
00108
00166
0035
]
