Classes[
011767
95093
97533
29005
05226
96600
06301
34017
09347
016933
49995
77427
99884
44965
82732
19082
21339
89141
3838
102449
011923
32943
106088
86856
119717
111660
50062
120024
84920
11689
21306
017043
60090
113194
9373
104746
102389
106398
19540
58249
97876
43404
21044
81325
61028
49045
014782
2608
17908
29513
27415
89235
94549
83569
19705
38041
90686
103790
38436
25689
40181
01405
1754
11542
89236
011005
110608
52626
114381
121513
108526
39008
59179
99187
52065
50036
49779
017780
100506
49848
51209
49813
56579
83728
016839
04225
110521
05883
012998
81211
37148
74598
82211
123883
124369
34773
08456
58253
3482
41637
]
Roles[
0044
0054
0040
0031
00114
00126
00159
0027
0023
00145
]
