Classes[
012085
88356
110283
96084
07412
97911
39605
016289
119691
20955
75040
27163
92236
66296
41054
8113
100429
110215
61859
013915
117217
113782
76097
21674
56377
41892
82230
105615
39108
17678
015466
51047
102617
40035
110461
38733
76879
26377
113313
35310
39867
1154
06210
28565
14434
6284
18766
53475
75242
82755
102249
8147
09857
106115
50541
117249
04129
115675
55806
10981
27359
02016
41557
86102
51573
38893
92162
108923
10762
07431
39813
113926
37668
40097
95798
58490
013158
03702
34762
95736
017618
2106
52029
40266
58771
122960
111322
75928
74494
122414
018192
122441
89264
122100
73980
23839
1604
07727
05162
05542
]
Roles[
0082
00133
00175
0024
0042
00110
0052
0026
00166
00171
]
