Classes[
10958
2625
99110
14901
14015
16084
36111
62192
85668
80808
111503
57877
38610
33921
90164
118636
51106
56467
72921
48892
84867
12102
44978
45466
74517
83797
74389
86419
113688
6160
76562
7341
75874
012344
11775
013203
013146
104442
119341
21801
121857
64712
9772
19687
71360
21957
23991
12323
96322
78106
13847
34881
016668
06364
90464
115170
86969
13134
61917
10245
0222
113737
22217
85465
0937
34576
22768
100377
38104
107979
94325
2884
102171
03270
37507
95802
108465
42562
14812
14149
24688
115504
37674
17571
83106
06623
116843
82994
100812
51264
33935
124727
68960
02865
64046
7388
0606
22232
1763
96881
]
Roles[
0034
00115
00156
0054
0026
00160
00167
00170
00142
00106
]
