Classes[
126139
45489
17691
40639
73121
017364
125207
08139
118958
92930
58462
106886
61352
45230
10719
28201
33232
74020
06579
69101
124047
123358
6738
01073
012191
125522
116406
18617
40592
115335
48860
98069
56056
118113
104850
12404
57264
19733
14640
93876
87785
118900
99742
54912
114325
07699
98634
95963
86399
65344
66529
58642
20146
41937
02115
07768
23840
56304
59775
25466
38406
51131
120033
42854
24151
60456
120825
48280
94896
50883
96567
017763
015484
119541
83695
29148
9916
14613
04318
107912
39773
62714
113481
71375
86640
91634
102880
0113
09732
54674
100556
60557
02577
116318
81292
02169
04858
42630
02228
017345
]
Roles[
00173
00116
00115
00179
0047
0030
00139
00137
00156
00122
]
