Classes[
92678
122693
4431
45978
125431
57438
28151
94619
89062
26314
60470
33528
8678
011865
49980
75040
97716
25663
101795
10357
79767
53727
71339
72042
22736
55984
113035
73044
72243
28260
103295
68433
125776
104490
05597
25367
63181
91998
51666
109647
123073
77529
53941
015048
67267
91860
64343
107601
38082
105396
13853
17071
102171
115455
45646
104366
01886
50606
93293
98784
19965
89742
34696
65125
99776
100463
50762
106929
117122
80367
12297
97833
27448
016971
02819
74890
39223
10733
98244
05373
78713
33430
11758
3638
11352
68880
018668
33047
510
0807
120552
41781
117667
121356
83865
101316
114851
76538
75734
63196
]
Roles[
00176
0023
0029
0034
0081
00141
00115
00105
0082
0088
]
