Classes[
017810
75970
125650
73200
70763
43499
13629
4552
60753
106730
14035
98346
90641
95227
012388
49245
13984
83468
105422
47732
10764
123805
018144
123597
91901
06517
44244
88966
69441
111424
125771
118376
39343
4384
014947
010273
03654
88584
87173
81586
3892
93809
08292
12566
13006
72492
96511
52084
114141
65710
98214
1017
32924
19921
71733
70524
41871
39951
105396
0511
121335
115677
6907
19561
55328
77907
43934
63204
34138
62796
71252
20795
65369
98240
60994
65320
21546
107875
2803
64011
86990
2299
61060
113082
82636
116857
55481
114865
19609
4308
53342
19694
21525
013691
90826
121793
55373
102959
03521
59636
]
Roles[
0082
00130
0049
0037
00124
00132
00175
00142
00177
00167
]
