Classes[
016329
81469
71323
017124
01806
2618
102270
115591
45202
2936
125994
2816
62100
55561
89528
1564
53313
47864
015562
117856
85196
20332
112833
116155
93222
28869
48824
107643
24381
3590
07643
43292
55385
25452
63760
38511
63148
56605
13281
104993
123867
21920
48601
78356
110448
106410
121943
105339
125309
18736
013696
9812
50074
12849
49665
57449
70921
124113
57265
93250
99155
97336
11250
106156
37531
08510
14907
40178
02084
16775
71515
111956
51118
22827
94297
05367
100687
45272
17175
20214
11732
41939
010343
77692
51655
015621
113234
56497
34738
77698
106055
90766
124639
42028
27888
4023
4968
35319
57017
110536
]
Roles[
0051
00155
0050
00158
00163
0027
0048
0029
0030
0088
]
