Classes[
50941
102092
22624
09378
122976
643
72390
016480
2466
82232
14201
39109
10349
97941
32562
24167
88044
7415
15555
115645
6094
43555
68989
66059
120326
018258
79337
56775
0620
108705
23890
85128
28867
63543
015186
56851
99760
17280
6314
23925
89515
28427
2042
112878
43525
104975
52296
116158
8075
55312
010816
45869
78491
24777
4099
33521
25392
55111
6963
108998
51421
5460
78253
59352
29127
01674
42002
83331
57835
51976
40018
19591
23481
05072
98073
125995
29846
115883
97410
124563
12451
19458
81616
93591
83160
72394
50303
1756
120021
29369
22456
016076
100200
64641
0861
19048
104768
94996
91035
84462
]
Roles[
0024
00103
00114
00150
00125
0036
0040
00160
0044
00174
]
