Classes[
98273
84937
72115
08558
0792
61591
13905
52118
85659
79551
94032
85731
17830
90403
21819
52343
01796
21704
111607
74593
18941
57287
010594
114203
11019
1700
43628
124525
47559
104001
06082
92038
87784
114261
97011
25353
2624
23792
20210
96592
44713
26477
96759
03916
76952
102933
112403
12899
74944
830
010229
82662
114344
104489
114385
101065
95677
119493
122297
61806
73138
53135
81856
80461
88359
71057
04907
75352
49841
61320
105444
63944
97237
116975
96113
119998
03706
99334
117048
94685
53920
8332
45544
44557
113060
88340
40223
13177
27846
81000
60803
83731
103945
50965
95026
113958
72570
98247
09380
90027
]
Roles[
0040
0038
00112
00145
00105
0023
00159
00124
00158
00106
]
