Classes[
55154
22711
107272
18879
74413
61873
22133
107853
116515
74941
25254
70451
80582
27726
64890
95813
84084
35236
28446
016225
113370
22915
33035
100585
63145
48479
22653
71881
016194
350
89376
76206
05544
011355
32962
105545
08868
63991
39437
91208
53259
09676
53109
62744
013689
51680
06909
117895
74292
49935
83255
122040
106044
0490
015462
120357
60122
36865
66209
05606
09998
04122
3846
45834
25405
115076
93719
3815
38187
80565
63284
115692
17322
16646
39183
018877
60568
65597
29553
119619
58154
114660
15558
15587
17463
29400
06023
122674
109187
125961
80758
71273
103954
40828
97327
3021
126158
101741
0126
57982
]
Roles[
00163
00171
00146
00104
00132
00159
0030
0049
00168
0045
]
