Classes[
011838
1092
08531
30057
59704
21386
114768
6317
11250
123607
15437
97258
02904
59549
115804
81478
93685
100574
35207
79934
67416
95323
14621
016217
36195
100657
124359
7188
018810
98844
37095
88127
88295
76236
20575
94256
112719
26793
59389
54805
76825
110073
84392
0441
62774
91313
5426
08228
15682
58819
34180
22243
11610
7913
87959
86169
33797
112446
21866
73035
122209
55557
90731
114537
14414
016698
99069
012007
116657
58411
70958
19472
012081
40777
108564
37943
96785
118849
114394
71424
123715
26796
103253
105221
70945
43251
118993
1517
24516
105787
120904
55090
01819
74820
06473
86727
35566
01187
35491
114060
]
Roles[
0046
0082
0034
0031
00131
00166
0081
00159
0042
00124
]
