Classes[
56520
107938
27018
63736
07150
71621
015325
013435
50457
6322
40070
97175
14741
014165
124782
66624
125677
78835
86616
77326
43734
21133
22832
88486
18991
73749
4088
124795
12724
66866
25108
116517
88352
76600
120510
06017
6695
80419
06473
06623
07924
013036
104054
92349
66938
28130
100995
012479
81094
23325
07431
8376
71542
57993
93195
97285
40265
105241
101325
75029
112126
018547
78608
1926
011488
81359
76611
114657
10796
95555
2892
20081
122138
018144
10822
43375
105655
39653
13311
115658
016789
101791
71236
018803
82544
79807
09888
13232
114830
100737
2160
86938
9088
118155
14167
38066
101962
41372
48870
52059
]
Roles[
00166
00113
0030
00137
00115
00112
0047
0034
0081
00175
]
