Classes[
12008
64913
78154
07770
7203
011495
96428
5797
20208
125284
98734
110967
84427
96287
125578
94090
54084
88646
20290
116415
03487
116613
52991
33770
117819
22015
89119
80662
017148
88629
55096
10016
28689
105356
38971
115600
54269
54385
33612
20489
3955
49685
112933
43802
81666
115705
111452
110960
27443
19199
97379
016450
74246
63691
73352
21086
58915
42986
80359
29620
113216
122782
3017
118277
016813
58645
113181
42970
22257
09686
125067
96806
015142
52807
23972
66221
113498
53767
50001
4985
55270
101184
01175
1276
57912
102165
116455
26201
121632
81994
113347
012806
60223
9960
58201
45146
111522
2672
82958
53229
]
Roles[
0026
00156
00159
00140
0042
0049
00131
0027
0053
00153
]
