Classes[
56502
3766
74308
011275
26618
20617
10483
011548
27966
07799
58569
57105
018571
71920
104036
105527
85693
02106
83351
60438
66345
01106
18814
45415
63188
95424
53875
121543
14276
12107
2407
88965
48359
49863
03959
83944
38694
2338
120500
94428
103960
111650
125236
5061
045
117736
0509
58362
30174
10371
125424
25684
93432
87858
35793
20525
113653
63759
103067
72118
101258
83788
74450
108201
40018
18171
82779
66449
56204
77505
75828
51737
73331
49177
29515
34595
58439
88298
4288
1574
25172
91495
100342
08666
89216
21923
08171
90457
126328
66971
18940
51950
119118
83915
68926
111559
121221
018910
95651
29070
]
Roles[
0032
00160
00167
00137
00139
0052
0036
0081
00122
00131
]
