Classes[
104187
112767
36019
44377
37358
74636
107763
18061
01140
20413
71588
20142
01836
64677
115109
118089
109972
94714
118213
83935
34408
29091
56112
87475
011935
02835
91036
69089
104614
110769
27016
7995
19119
118222
117283
49090
113548
0689
49838
106516
01284
66009
54018
107688
52571
91827
99210
109213
39676
17839
64940
114940
102317
96097
113339
010362
50654
43746
43635
013366
53417
1408
86920
1373
017231
09345
108015
116818
67899
8503
36977
58972
115869
39767
120795
66144
64612
100147
126076
111930
99005
121675
59199
011529
42374
52442
54823
51335
27622
013818
3462
11919
29266
76412
91070
113265
23165
69097
13685
9222
]
Roles[
0088
00159
00160
0024
00142
00125
0045
00126
00156
00114
]
