Classes[
2109
012323
121061
4347
52890
8574
69025
100941
76366
44440
20033
09508
48830
111602
78420
121202
7730
111440
99125
82079
112193
03868
72654
104126
125951
50533
56832
4253
96372
66689
27331
114302
102827
7161
44529
115631
81780
26118
59718
86761
68620
97652
23872
36732
10760
109201
018435
93671
016626
105331
58881
40264
58429
15377
97493
83504
41661
85365
105176
017720
61863
72284
25094
122046
63726
105034
21174
20800
018860
61793
89321
21391
115951
100360
01897
8855
06639
35914
54694
10652
50825
36103
1043
33364
36471
36972
22066
85129
15851
101844
109620
123310
16334
05720
08399
91924
02842
21530
6397
100451
]
Roles[
0032
0034
00166
00131
00133
0082
00135
00163
0047
00173
]
