Classes[
54947
16198
015743
97538
87589
115611
107425
26805
66810
2574
36354
80437
019123
08474
8568
011235
010217
62957
33270
73789
26943
63648
94945
48266
09131
41929
32834
05016
45502
76115
98937
010609
3344
0809
78296
48970
33323
25434
62967
109217
62166
43367
05137
125848
2301
106316
60233
851
05112
16231
72270
16711
2086
25467
71898
85503
20881
102278
017750
05473
93362
29599
01729
36571
77179
3205
21802
112440
110853
017752
28858
72550
10166
121162
75228
68430
55378
22038
39482
51000
08199
104232
104824
100224
99708
018161
119391
015821
62917
015613
35321
94553
51024
3872
24773
92348
09909
20825
103600
103920
]
Roles[
0066
00178
00115
0044
00172
00167
0045
0082
00114
00141
]
