Classes[
12320
60083
94199
4247
64002
54590
9628
90823
109647
70944
21793
90481
68879
115352
107954
63326
109526
90021
124468
1343
012287
113081
05022
37311
38417
068
60883
9620
53136
010402
53268
126187
2159
74074
62500
22811
19580
01608
35305
111090
111257
09555
08904
56320
89038
47541
112005
01004
103411
14930
6001
81610
51375
120442
16292
12466
98869
64788
78514
66374
95324
71322
111785
66270
73611
95042
09784
28293
62762
72189
018796
35868
85820
59720
50370
119618
29944
114853
018820
20859
0994
19037
08025
013761
63973
44936
7584
110256
76703
916
66816
74045
012736
105182
109552
60402
93130
100096
33206
113161
]
Roles[
00153
00178
00140
00110
00179
00131
00125
00104
00141
0048
]
