Classes[
45322
89580
124076
93607
41608
38020
10235
104309
115452
51388
110310
71606
01474
118563
04408
18942
16300
03520
113436
82782
65459
20837
19396
107265
122409
5710
23618
38013
86498
26528
4417
109969
19675
28575
16140
71855
13962
26972
03077
41700
81798
23291
19687
37760
92421
104788
42451
77744
119712
25235
97055
109552
72571
3525
23228
4392
124354
28445
54556
28243
15818
85559
103472
109879
76331
51443
77368
96762
012853
0222
104153
114684
08190
8478
11211
119305
09218
20360
99565
123521
100677
32345
94098
57420
01451
105071
123448
52617
03449
35521
36687
122351
55608
122896
76855
56133
61631
59012
98036
65545
]
Roles[
00141
00175
0030
0082
00102
0042
0054
0026
00105
00103
]
