Classes[
012885
94922
115831
51097
13584
58854
18563
20913
28273
122981
51077
73311
15346
21251
99408
116264
120888
92847
017308
016849
28142
14717
81729
103207
8465
17382
107080
84852
107029
113311
87055
23439
21021
01720
119228
124169
118102
86728
9930
54033
01558
82197
62440
011058
111999
42592
34285
114662
84849
98636
102361
16384
016281
89696
10912
124555
010243
8895
34569
22349
9544
19177
7099
12062
9622
48187
05860
10085
110416
42068
99801
11391
84384
16525
99269
78243
014428
98536
18768
51553
113368
50008
56864
15728
23637
67318
013772
16420
44014
104190
18077
100307
79575
123241
39641
6980
61808
106718
18470
123426
]
Roles[
00115
00138
00178
0054
0027
00165
0038
00132
0042
00167
]
