Classes[
61396
8764
111239
121559
834
58525
35657
57489
112882
22844
40864
18783
61591
37436
8361
11483
03445
14468
96579
73242
103502
125168
72078
22791
83907
64607
53441
117159
19906
408
19932
19786
75642
56458
60548
32907
84544
011936
56283
39329
36804
88411
118312
108393
60282
35011
55603
47466
018711
104061
79874
98409
90527
45153
4297
7598
57451
03067
014152
91605
88451
68867
101159
43762
114475
06868
14168
35927
012415
72445
64345
33214
83348
49998
111632
38850
87029
119471
96573
0731
49908
9619
20530
123641
41819
2741
103888
55193
98372
110879
20544
83858
37103
106376
77532
93384
122259
61678
41146
114950
]
Roles[
00167
00169
00100
00168
00172
00137
0026
0050
0044
00150
]
