Classes[
112419
03630
7429
58648
81180
63034
60518
04330
61938
37130
83628
40811
03513
73176
018852
47696
49913
20082
19615
100877
23446
125941
28506
119333
44690
42038
39880
017284
9281
63880
114095
99762
39844
111014
44818
115183
21027
110959
28230
26862
101779
121957
09344
79544
97925
60085
117638
51799
012723
84590
92123
53559
08355
52362
14110
3237
85311
121291
41657
7208
22218
83942
76143
6798
55154
63902
04726
52643
36048
58782
117127
66299
107900
25991
88459
65825
80802
97913
9977
82237
08205
96392
51060
118724
52452
73603
26967
01842
76039
26236
103732
52997
83567
13093
80030
29908
95194
960
57458
94814
]
Roles[
00177
00158
00100
00102
00146
00156
00139
0082
0036
0032
]
