Classes[
103421
70767
106612
16324
4512
58609
117687
35338
34518
117326
53183
56405
84755
63820
9475
08557
104775
19074
08767
53279
111523
113311
100078
51818
01745
105057
014423
109182
120076
84558
30041
017544
61403
99872
1733
107556
74098
25984
101992
43767
105973
52908
08381
117897
10207
100108
04260
88291
101325
11627
91958
23664
08679
0651
124406
103824
97617
71434
12457
18373
05373
12124
45381
55310
118550
91829
78186
4493
52037
74649
02981
36827
121932
29505
43542
27891
35686
66715
011932
1204
6754
69085
8202
27651
80726
45841
55987
39404
41582
75357
100950
4259
0760
108450
015101
019232
8139
06604
2519
23536
]
Roles[
00112
00177
00165
00176
0025
00171
0052
00175
00141
00145
]
