Classes[
51831
20689
105625
6346
44071
110310
117641
7677
76126
120013
116016
08451
84931
51380
94845
016243
59806
60445
114660
22258
93752
14396
67276
75637
99519
90980
111152
2394
90563
64738
92600
49533
73284
9473
111252
018369
101329
103652
25086
123968
0931
03679
7428
017576
23565
92483
21448
5282
112055
79113
59045
13847
2727
8937
80694
89791
117583
120255
36231
7248
113865
06212
8566
21985
81773
123106
49587
8296
62762
85505
61637
71499
91311
111346
4474
57197
20223
69182
101523
016392
55286
17760
82838
17369
86996
123990
53637
61383
014300
588
96664
113139
72506
24301
96081
012989
17730
20447
74197
85314
]
Roles[
00176
00126
00135
00131
0039
0032
00115
0050
00132
00138
]
