Classes[
103904
06258
50722
107053
85242
2446
32173
96487
23536
710
15070
1745
97951
92974
21485
84789
125942
11862
54961
42638
94701
121933
61008
78073
95224
110358
15002
06001
03908
119498
113779
014350
20626
106319
124362
110735
26411
82225
40196
112773
113676
119968
107293
41936
76491
09234
67173
109654
38894
106039
012677
80017
35571
0748
123765
30058
100203
112447
116123
100200
114480
11221
25307
123374
24918
01028
54199
28249
13277
84127
45430
105920
126235
29342
114445
123182
102053
80086
04073
111498
25767
15407
124054
06132
122711
70627
9514
12129
38996
71141
06985
4959
98340
86923
59601
013856
38060
43721
94995
14961
]
Roles[
0082
0036
00108
00126
00158
0038
00139
0089
00163
0047
]
