Classes[
88280
85501
73055
2049
011627
08751
78169
60840
75793
08964
101780
65246
56298
96224
92066
10963
107346
93667
10958
108546
75247
117157
011162
24869
121517
100406
32321
107592
82944
72391
01153
94506
102459
35358
122031
120642
22206
49170
02928
44240
06018
12400
110081
49223
105671
19362
106554
104132
93652
27018
25702
61468
120310
75776
6679
03259
81481
37572
8912
15228
74787
111338
29037
84650
06718
06277
112482
61751
41781
118640
06909
26052
116722
120460
118136
89203
101124
100354
103576
91482
02842
104441
106014
119507
5989
79846
69279
40409
57799
93589
02157
99653
77578
107327
95386
6905
63249
91904
18433
72485
]
Roles[
00113
0038
0029
0032
00132
00168
0089
00123
00104
0037
]
