Classes[
42495
02057
02399
1343
1047
86157
98754
91674
2020
3165
119735
41065
27124
92898
99263
125674
114865
82745
71177
107003
100590
109963
05323
53531
90792
57811
27598
39790
108770
55756
39386
03814
01055
107470
67010
06410
9587
17670
52767
103819
21699
013446
05918
79299
45755
38141
3752
124767
103705
75367
78104
21371
06538
50592
13506
102076
13281
101203
21663
87150
45557
54739
57578
86340
6515
43989
89189
04699
111809
016453
847
115826
09882
8546
38492
015476
100146
57783
83040
43957
7584
98428
98790
81860
012407
018524
24194
38258
118912
019247
59999
89154
79567
62501
76222
78601
40178
102007
97897
98846
]
Roles[
00156
00171
00179
00130
0026
0034
00113
00102
0072
00169
]
