Classes[
62314
53203
56407
124233
115097
8831
90321
102202
16396
60727
39615
1343
43462
7540
11891
76012
119601
93695
84402
101103
015059
2521
90132
79324
54957
43679
012893
81119
82577
03397
010696
03103
06650
32660
116085
102518
62941
121870
98688
17268
56846
48040
22827
15163
94098
018937
012875
124210
88530
101630
60629
35706
76639
71321
98300
44954
54699
15272
80664
96701
74077
83833
92690
4489
019205
101601
118564
107849
10130
119226
11480
034
91990
59574
71207
29998
03246
16076
124176
123404
017036
01722
29918
98062
80472
78119
897
104381
104559
59758
39983
42907
121501
017576
34302
112570
011226
71741
34390
40291
]
Roles[
0047
0034
00163
00125
00113
00100
0088
00101
0039
00116
]
