Classes[
017019
20903
122002
01795
99331
42481
83487
16026
45806
14859
10715
37006
24882
49122
70855
101509
66030
2453
69027
76095
122965
013704
44462
8441
97693
09824
88218
75900
24146
016164
14599
019242
8547
63195
18143
104516
08247
122335
82015
26902
010095
69288
109797
51960
77618
101979
36375
80165
103712
81234
82657
37331
01640
34397
08807
13745
50592
38366
108494
97300
80354
015307
115727
011974
83974
107733
012448
5910
16604
67234
83701
2750
76399
17366
19258
75903
03110
123085
73928
35847
21341
24563
5379
017874
1874
65170
71064
03575
116751
105636
89872
66228
103727
61609
108715
66926
013353
013941
016375
27750
]
Roles[
00132
00145
00142
00131
0030
0029
0039
00114
0049
0026
]
