Classes[
51602
61500
44420
86034
95723
114024
11594
99643
101339
05630
13060
53373
015084
116256
35082
50620
120495
16292
4411
74001
106507
34032
05653
16426
72635
02020
02828
72666
13417
75558
53731
121742
73055
87048
33072
34711
72001
10674
80844
23442
120624
22214
21533
12499
79111
53264
45229
62129
62995
48851
110856
55982
80865
86552
89283
4586
09236
121527
32947
13303
97747
26974
121837
114643
012102
011362
24651
22957
73869
03065
59425
27471
112367
43627
93969
107588
84275
010366
51270
69104
77376
018614
108819
119905
41861
91693
78592
6475
767
123152
90891
117517
81651
99300
65458
23715
77904
85697
60755
57505
]
Roles[
00140
00169
00167
0041
0048
0038
00174
00139
00107
00165
]
