Classes[
106238
74737
110739
19792
124478
5827
118273
7222
98907
112984
01150
08685
84816
115807
15182
330
86087
018753
47572
115658
90588
72056
74675
41681
02231
015190
3310
05646
59913
87604
87490
82662
113191
120207
42125
24545
18277
96477
92146
27234
109441
70875
121984
60653
14194
08196
47758
65529
81843
97594
105343
15525
102732
28153
49707
79223
42248
21116
311
4402
29696
100335
66726
5512
36266
13473
20720
36735
37118
87968
62053
27786
03484
59640
13384
107377
98602
121783
100155
53788
26627
37837
0722
29937
62183
126061
05030
74204
118417
33553
68261
96474
34259
50068
07494
04626
98874
93486
43475
61497
]
Roles[
00137
00135
00108
00115
00158
00145
00122
00133
00106
00131
]
