Classes[
88804
124787
52065
017009
50099
115602
88314
03761
92855
48989
016959
125255
112588
116420
96397
05931
53265
48027
104117
74622
95684
49235
64570
101907
011290
05616
40674
55397
012796
29554
09426
93179
57722
90214
123542
013723
97136
92530
115296
48925
2002
36088
60051
71742
35610
48061
91583
12237
53171
73124
8910
39538
37205
88941
6345
99463
76198
20301
07466
17259
53662
92412
91012
03253
60000
44179
54326
101842
60339
92184
5769
78616
66939
39761
9025
60772
83665
27872
93767
116248
57694
11321
01032
125515
111616
89946
34350
62521
28421
56153
117398
54797
03713
1971
44483
76213
37315
60226
52273
87749
]
Roles[
0045
00132
0027
0082
0039
00160
0048
00115
0030
00100
]
