Classes[
8500
01025
21700
47631
41903
120374
72580
97925
83338
66633
49745
24563
72247
107622
11321
28842
13415
05798
47427
29400
68916
14931
125186
104603
49429
013059
09615
27263
123044
59234
15334
1773
32789
101322
06596
91328
75458
65470
93043
41545
22770
17189
7110
24771
91274
71705
01372
58058
119375
76732
55165
57102
45756
14263
71867
98109
8908
11288
93608
26240
73047
71763
109562
42404
49576
5972
124801
12165
43608
105979
125346
106096
119512
110528
119945
3492
16393
29843
54730
117091
99875
013910
03113
75277
08901
62901
54283
86525
34565
59165
103837
58630
010547
2407
11787
58441
50936
104531
21136
32433
]
Roles[
00110
00131
00171
0047
00153
00159
00133
0044
00179
0049
]
