Classes[
122109
108599
15654
81384
29154
115006
72227
49120
06997
90721
95038
16935
17354
015945
68264
72575
98854
59902
85475
105321
03170
8602
44361
90710
5652
20725
68732
79938
1171
57838
112228
76552
47807
60670
34928
102657
112431
59516
125722
85647
33956
22678
60888
75480
60520
104372
90533
57395
66229
57523
121495
66966
03404
53589
06576
99825
84350
45951
83255
23341
101858
20057
0618
102371
76432
012383
78563
53562
34011
57053
77573
65553
93455
017188
81322
07996
52403
90187
56843
74627
101238
50724
92129
90455
72269
23313
9177
75055
26217
01109
28301
8177
90913
1135
11930
20321
91854
9795
12688
79187
]
Roles[
0025
0042
0089
00170
0034
00110
00171
00139
00158
0045
]
