Classes[
6139
103667
124585
114935
02369
54168
33030
95891
76343
83016
91596
18514
36879
58099
125451
56473
119841
94814
116441
63943
03992
113665
017994
013066
19006
39713
76729
101340
54367
24318
98040
103882
67189
0930
51108
96389
59829
5224
102803
5261
77120
2268
103312
12056
7325
47781
1432
125784
010379
21368
36994
105300
89063
03818
124858
99777
92466
123253
015739
7042
7993
09185
45259
71758
06875
94152
55369
40775
44864
16405
95970
74698
12337
103762
21312
017149
13850
23303
125426
04154
121272
76944
07570
120277
40975
120245
62903
98266
39283
119866
94893
125081
120005
62201
04371
21986
37198
11526
99444
11121
]
Roles[
0038
00112
00114
00167
00107
0031
0072
0049
00113
00103
]
