Classes[
72954
51186
84438
124414
51757
12799
39021
100522
012623
34836
111561
28361
2616
94939
22884
113694
54866
74461
44729
01957
36020
70824
110659
39159
17906
106428
018627
17661
52533
59225
111807
113579
21661
02238
3431
26093
74454
32831
119806
100960
1432
21378
20391
91090
19736
92665
51416
05358
89538
82253
124625
120903
86393
28149
75840
34881
48592
21104
22713
74660
22603
27905
0470
02669
96345
06234
63114
53093
107611
108904
12374
014829
47427
117144
2936
98238
96602
44036
43494
116712
12476
59186
03833
04183
105888
55242
33066
87259
44921
01020
33967
25021
119775
012640
59484
115956
21204
02420
07899
102842
]
Roles[
00172
00106
00176
00170
0023
00100
00145
0040
00150
00138
]
