Classes[
015754
123146
32607
98360
013312
84363
19231
7818
102648
17365
92843
86486
013257
42459
67306
28445
50462
07754
104336
85831
21626
06972
8874
100089
122050
90669
25694
111081
1046
54652
60639
51672
27129
26253
28137
110819
7808
01157
92963
09931
34222
123080
108531
106700
71916
120233
70871
33373
97476
86814
47407
105347
38233
2663
43249
104061
012344
93309
11712
16406
64500
125358
114321
16110
82634
100152
96023
12928
54776
41818
74856
58892
33653
55173
010733
04209
63911
7666
61699
04795
018209
75817
012436
25350
75148
122859
16428
104733
70726
83143
79763
112257
24331
84463
78559
111609
66105
7760
10548
9144
]
Roles[
00160
00125
00178
00158
00132
0025
0034
00139
0046
0066
]
