Classes[
16295
94814
118304
34272
0132
72912
116160
99264
19106
78723
23049
114419
9337
115979
113342
109158
1781
109405
02511
3866
72868
12098
2797
016669
104035
95283
010807
12108
118490
22525
16940
74749
98132
20346
24851
91458
45769
62504
22101
4506
51018
114583
69195
86470
42549
107443
45782
62389
22688
72820
20050
116126
125141
84418
124827
49028
12632
101440
105902
7056
43322
7404
1915
101278
89700
108651
62594
09108
90754
71833
85173
126275
5358
4804
55422
71289
83903
76461
94842
9904
101808
20076
10581
77660
106639
52825
75796
93851
40468
10209
45931
3938
100598
15993
27337
13437
116733
56225
118127
74831
]
Roles[
00142
0035
0025
00173
0072
00110
00150
0036
00133
0052
]
