Classes[
55957
40346
06039
09567
22520
115549
015684
011301
100384
23665
122685
41895
51669
104919
24269
49891
2446
44299
93159
40517
66364
71461
124430
77008
113939
74896
7064
57070
015094
114527
07512
19244
124180
73312
120282
48018
55634
73702
013438
122511
62109
012881
57634
101530
23644
61502
93256
015623
110297
108729
100937
57226
38289
102924
119807
114071
117948
63909
96971
08085
43592
126057
121125
58379
108842
862
11609
63309
126293
105431
120498
26680
58352
50282
09197
70659
85563
13342
113645
98875
17371
82925
93802
125554
53736
117304
120067
43382
13550
100905
49250
52521
76006
34296
106656
13448
25505
16269
05761
7420
]
Roles[
0028
0029
0072
00158
0027
0037
00102
00177
00138
00125
]
