Classes[
117631
25675
012990
58869
104896
60142
02148
89681
37968
95223
010290
39152
08367
124455
100426
08752
87320
54885
28436
85298
017870
122813
52786
05485
91087
79085
81651
107489
65199
11859
21927
22136
08878
02502
011762
92941
79913
65326
10435
88498
27428
109311
124180
86075
87525
74692
60033
46115
64589
1345
59470
15873
20287
74879
110223
44998
28184
115022
52529
59662
9330
61462
57240
79861
90971
118465
54301
28363
106376
100338
94459
122611
73272
1353
55927
96565
83972
8879
88197
47610
9194
57157
07961
18408
64293
72607
013488
02257
77093
57895
90942
87427
122313
104903
107218
62835
90425
124211
28989
76496
]
Roles[
00110
00155
00123
00167
00172
00101
00100
0032
00137
00125
]
