Classes[
33332
014081
99101
92000
20456
63972
58483
51766
17012
21220
59673
75864
80696
91882
03757
82274
30156
95383
71116
111785
04610
104594
101782
4412
04823
111870
82554
27964
84910
105335
66915
16781
64430
29721
17806
97755
75991
53010
91695
11011
01341
72376
100011
05093
87895
19946
57804
85729
73153
26572
48695
104803
106763
1411
117544
82197
95385
0572
14970
117098
108761
122787
84501
118508
82928
016581
85182
56986
07931
61402
115907
118957
10911
116086
1247
80572
100305
64486
27107
4165
012710
88557
102384
93104
19788
116764
26808
35361
0303
16113
24045
26746
08746
42075
11423
125874
6385
12680
62089
20712
]
Roles[
00107
00178
0026
0046
0054
00114
00155
0042
0036
0023
]
