Classes[
15027
125855
22949
120889
017146
112076
49977
104944
010039
34949
8969
32522
124539
64103
20258
119098
115797
49725
107450
36130
107052
91580
49166
21638
34287
03437
64191
125955
20741
015614
05927
111087
011222
79885
54152
07714
54788
11022
018331
63710
93445
124123
02333
117451
70643
47987
20510
115949
15822
89305
116894
85029
37389
834
35740
96462
106712
111178
49900
90283
52171
65491
73305
74295
90715
20220
29013
93708
111027
15263
01924
03960
01401
39571
112841
011525
116723
016960
114464
8323
53975
66091
9917
66418
38373
29387
74034
70638
125443
018651
45285
116286
23315
121966
125877
59297
8115
99042
100130
95301
]
Roles[
00155
00106
00114
00179
0029
0028
00140
00138
00108
00166
]
