Classes[
34300
87915
49125
66223
22143
89462
64224
57152
105504
01534
109155
111077
26557
109291
95213
16720
014593
104600
100315
23103
107477
24452
05206
56542
115910
122593
73715
29185
24417
107119
79080
94025
53054
04705
75903
11075
35423
117352
111612
84824
104382
05952
82692
08952
017782
013269
99547
26376
638
96605
17361
73945
02480
86316
07659
05202
04001
45608
84622
21576
81621
08694
89896
117380
86282
53339
04667
20036
66614
10953
94983
03157
19204
02698
015023
81054
62007
91120
118807
53581
122560
9069
15474
110997
93636
92648
38867
015108
67524
67078
45583
07286
66259
30091
88424
38775
24716
48437
22835
66877
]
Roles[
00103
00135
0023
00101
00166
00155
00163
0072
00113
00176
]
