Classes[
24747
0226
102331
59874
018820
93828
23384
45214
44297
125224
35613
92729
39424
121518
9905
45568
19364
66133
35525
35769
48316
09918
125454
122153
74036
012045
13364
012798
64014
106032
012912
49080
59112
62040
13761
26326
015545
78107
21153
010658
6174
109602
92349
1436
63344
06736
64891
124522
02515
016535
15186
9915
017343
23972
26396
59332
50127
112814
58463
119166
98580
37878
42168
6806
09400
8504
20471
64713
83064
78599
74329
52270
48786
100420
98288
37639
36438
120929
86186
29385
115584
100317
110917
010350
65407
106374
121723
3828
108182
07429
01934
37678
65912
125993
86759
07906
104088
18993
63462
74399
]
Roles[
0048
0035
0031
00116
00107
0045
0027
00165
00171
00105
]
