Classes[
45708
2139
14196
69102
36531
81873
016850
017826
45884
120765
63323
09738
28280
28523
93144
87763
017911
05191
86300
012886
118982
92814
116159
82393
89182
66323
43334
43310
109970
01803
111911
17040
1669
17042
54539
75397
98192
55486
40536
05857
42972
40273
23453
68847
016310
124159
02317
12492
86118
79807
80557
28736
79390
39766
10474
57626
85283
48777
59213
42409
122017
54025
28130
106830
124934
100313
88902
62672
27618
99238
53569
70672
66290
44997
01944
61705
013023
011746
013001
125952
11972
2398
114653
81750
24206
114920
02686
44895
72180
19531
9290
39733
20103
71360
17868
28016
13144
54706
18261
011133
]
Roles[
0037
0034
00173
0031
00165
00177
0072
0047
00102
00108
]
