Classes[
8376
121019
27388
109941
106739
255
012504
51589
40095
9881
125883
13074
40039
15475
125956
014259
78833
116600
05739
4040
22712
1640
103599
110868
108920
65874
17467
98201
018799
37499
59550
110664
97283
34159
102081
03012
61182
03357
86966
51650
04645
26974
80271
0370
113013
91249
48707
19214
122781
62994
01244
99300
011643
105645
017803
35945
108094
115096
25830
02785
25718
59335
105020
93971
5771
06972
66945
91964
99425
07853
104790
103186
48264
73514
015472
93829
41255
0715
16056
18933
014133
8574
70968
77026
84677
6712
011251
017767
013676
18266
85449
867
83965
78022
33444
49421
125458
62069
69233
113064
]
Roles[
0023
00139
00130
00169
0044
0088
00155
0045
00107
00110
]
