Classes[
120291
18376
17719
83221
012210
44563
98319
24341
79539
121328
29539
85431
22908
117861
016989
65385
41525
41186
56641
84299
37939
115670
08302
011608
100511
92730
121868
010894
14702
67274
88206
06454
013542
42569
26969
97880
34219
61386
75654
116884
104740
73725
45979
5637
113796
37319
101532
016203
86184
41043
78058
47385
53324
91727
114449
38488
116094
013259
014576
13068
111750
012969
42979
6419
15085
014854
77615
51893
64501
84579
28938
28700
8850
02733
123874
51524
114740
89792
126153
73521
17384
68493
111782
73705
20025
89295
80531
73802
56659
89510
18757
96913
017021
4630
8833
77096
110320
23595
97019
011466
]
Roles[
00175
0028
00150
0032
0041
0049
00107
0024
0030
00173
]
