Classes[
86343
6176
16840
118328
95252
15067
85703
010313
16710
50132
09470
56104
97620
102084
117177
103788
59445
112013
25656
63174
61208
041
81753
02436
04367
018779
55618
9824
012084
35350
22379
10933
89913
9482
32263
016942
54023
5421
14747
011808
010289
114454
20253
79585
9531
03895
123753
61505
110569
98908
76783
45936
20661
49965
71156
50047
68647
13687
105476
52990
90754
1139
67065
38280
24711
018223
73876
35185
88271
35420
87232
10098
27813
40163
86282
09826
42930
10258
113113
82892
112880
96025
57525
0364
7216
94931
78427
03971
013603
44258
68323
7798
59332
12108
016230
73794
78165
92352
0621
117069
]
Roles[
00169
00179
00108
0082
00150
0037
00171
00105
0025
0042
]
