Classes[
47907
50695
97618
49956
93419
125389
07140
53577
117143
124446
89305
91902
94786
018380
019025
102855
93132
59858
80435
02877
122331
89067
49855
103863
09848
014557
118716
64894
96378
95434
123150
56284
77633
32565
111972
54772
123447
9593
608
017610
126107
114176
51052
83113
13444
25874
39412
02198
52610
83851
02190
60662
35925
97734
61477
20582
119363
70762
69138
102873
58137
118037
843
80360
27629
36505
108327
40560
8504
35619
34906
30143
02206
91385
06990
104507
015487
18997
29247
96334
73672
50577
5136
91348
106859
04397
107260
89536
85636
27032
016512
86552
01718
104639
24760
53694
93487
101561
108930
1513
]
Roles[
00142
00106
0040
00170
00174
00168
00163
00178
0025
0044
]
