Classes[
6266
17517
17581
87653
06575
118179
15150
61479
11184
83475
14074
385
72194
92739
82027
88286
49705
6303
119488
64091
59640
17794
121358
99174
07673
29141
95739
107771
17856
13471
14212
28306
96858
41889
117498
65007
83299
78606
86305
110908
59546
68518
70703
109478
018578
118393
92273
25464
22528
81490
24297
57178
22598
47814
37469
55649
122002
877
8666
013731
3054
16970
08605
17792
016501
111889
015806
81417
011619
56927
19375
48270
07212
33056
1693
68580
013049
02752
59641
28694
85194
28071
84814
92419
36752
80260
99277
03026
93476
96542
60628
29486
122067
88420
108336
72751
124207
37628
100887
101188
]
Roles[
00140
0037
0031
00100
00168
00155
00139
0039
00179
00113
]
