Classes[
33526
60404
18611
41934
08211
2329
016037
7415
42032
77614
112934
54855
24496
109063
78826
08766
72406
012665
96427
28168
44288
13187
78347
85766
018113
05733
100491
05782
05162
25538
17247
563
9322
67385
111417
85846
105484
39704
22424
89777
54886
03117
98502
20493
33250
40801
011966
102683
71705
103275
49932
107810
44629
33464
44442
106871
21817
08630
93777
120148
07241
19802
82220
52409
59175
75643
10796
56315
94669
77542
91741
05594
60619
77264
19488
22357
57795
82354
40558
112354
73417
115322
47573
125532
78504
62955
66372
3965
79614
51412
67033
95529
12923
18236
3779
09972
82703
29914
016077
011126
]
Roles[
00168
00107
00163
0029
0082
00101
0048
00102
00142
0041
]
