Classes[
27433
58895
121490
015271
58336
55692
116505
06737
17889
90775
68452
106039
56756
017050
65343
99000
116683
11489
40954
89595
123613
105684
71975
56843
48879
105856
103946
8050
108686
5098
75486
52274
014766
105433
118622
6862
82065
14948
21263
64391
49790
93561
101908
125579
01964
5862
2922
017467
101428
85915
52643
015586
015256
89126
125403
109338
105353
105944
41820
49779
42149
103153
77933
44800
015703
45299
27208
100298
5939
03049
1682
59224
34639
116322
3179
74165
115696
38728
02822
18460
014483
20511
15478
117698
013437
93101
40281
07308
77654
58470
111006
107941
71945
54798
60586
95882
19309
122141
78676
24474
]
Roles[
0066
00114
0044
00105
0089
00135
00175
0045
00169
0042
]
