Classes[
41270
21688
95922
69216
48012
16199
66130
33646
109194
012669
19590
58978
38666
14239
112404
62098
99436
121235
60772
51461
02914
25833
119831
09320
19676
39127
64484
102744
121969
123075
29603
60697
30139
40918
41092
6921
44435
59499
03687
108739
28462
109634
111716
2362
96120
472
102903
72942
02962
7471
42994
18874
118713
18502
91559
50853
37449
08756
016635
65908
125419
86699
77779
116762
108799
41244
010439
50383
15320
110917
33082
09250
80137
77505
09944
27616
76463
26739
12776
116715
112215
49366
10854
48598
66314
6909
107314
103288
77216
60223
28236
121670
58474
112762
56555
32084
75181
016480
662
03282
]
Roles[
0089
00174
00169
00130
00139
00131
0025
00137
00122
00168
]
