Classes[
67102
75501
37691
94610
112684
44099
013354
119007
73080
49853
56112
40041
76251
39505
7073
3248
110021
73307
84985
17295
13259
4177
39663
126088
48533
70882
11206
59555
44782
11010
06218
121345
17673
71178
98756
019058
56787
95862
45866
104741
10498
38843
110360
3116
54006
25824
50148
121112
67364
80317
35959
094
49219
1271
11492
37313
27281
62804
08358
34648
27057
75068
12525
013512
53790
013038
63177
15636
83165
82694
82027
28430
17016
12697
74051
103205
52103
51506
9664
125427
112546
113811
104798
09969
84195
56136
99002
17726
89859
89812
25631
66352
99988
34490
111045
18158
119318
03144
07371
12220
]
Roles[
00176
00116
00171
00166
00106
00122
0052
0024
00139
0041
]
