Classes[
114202
68559
75347
29096
55235
34744
018667
82992
017234
52182
42346
06273
75651
125779
88872
06825
11358
28236
9553
58991
79262
27748
05203
85319
11388
41720
83367
8719
63132
102133
100496
44143
9056
0993
33145
118085
35813
65389
23327
92208
21718
118787
012681
85192
016016
63875
62983
104760
88669
010212
8389
80904
1831
56306
112600
018470
74807
59640
88492
37102
689
89714
53532
102378
84450
28355
112430
57428
115395
37400
74346
56974
25262
76701
102820
49713
62953
6091
51924
41547
16584
75691
101320
13205
92601
115624
76095
107411
014651
108246
123896
07604
78024
85329
101249
26203
97889
114742
03183
1600
]
Roles[
00100
00123
0089
00171
0088
0028
0039
00141
0036
0045
]
