Classes[
126212
81755
50410
75557
124193
55340
75595
38367
430
22360
53461
29334
36262
109187
27516
11391
19645
103683
95855
96210
15485
119100
32698
3964
84378
2547
47911
82011
39393
53462
14124
8000
41587
77435
83575
26119
19093
113698
78762
7203
011128
018144
113143
40322
116017
103379
21150
122597
103234
81071
55661
80792
125401
119036
56092
53788
05121
64236
59666
10808
884
48497
82876
20577
122985
96327
61154
64551
114464
93418
18691
101801
23011
111024
39145
017070
44771
64995
22646
019000
7903
120706
97632
011289
93232
05046
39334
9664
104941
101917
45533
06370
01492
61874
64785
22753
14373
24332
92078
78731
]
Roles[
0024
00126
00122
0039
0052
00116
00124
00106
0030
00159
]
