Classes[
111635
5387
110721
32842
69270
24388
010807
101621
118075
1365
48396
33254
54084
88417
969
98483
62924
82504
49811
015658
104138
17482
19646
017804
6900
24122
111027
111133
106803
111456
012397
98828
34745
95581
38496
111889
58348
99448
110550
94164
09489
77453
49044
42617
26022
22838
94459
125266
41892
38713
116976
119737
93730
113439
5595
36566
22603
29957
92479
77349
102615
52095
15906
47868
48904
86196
015189
102204
108661
113434
98834
32814
108033
51307
108418
78245
44078
088
117643
015516
05456
22081
41095
104336
57946
104975
95406
27752
66931
62074
4704
117575
87062
111119
95104
115672
28718
63592
6712
09919
]
Roles[
00142
00125
0053
00107
00131
00160
0046
0034
00122
00159
]
