Classes[
122050
75972
19536
84256
107402
012704
9552
122077
13326
5017
01007
116844
13944
100413
4231
0723
39060
43716
40984
79931
014211
64736
75576
24655
01706
013384
27761
44891
103587
24916
80814
55925
73327
02444
018290
62789
25692
28383
017139
47545
60673
80532
89105
014146
012726
96924
60134
59162
36551
95850
103853
27214
77965
110685
34450
81684
99541
122016
011208
18293
95859
21048
120895
48954
12398
8613
110371
27489
116458
78806
85512
88331
99349
02887
106878
84612
38286
1142
49390
76547
48960
52479
121054
82817
44703
107428
94231
21640
015620
013051
64862
72310
111834
15022
20007
19778
50768
2722
118995
85876
]
Roles[
00176
0047
00167
0037
00102
0039
00125
00153
00163
00172
]
