Classes[
4314
11640
102005
90567
41501
86317
6551
74242
9318
84586
1655
47444
43273
80900
51148
108740
23969
01708
45980
63582
101698
103490
16623
38836
6504
012019
121542
65544
13212
29003
104039
06292
60860
2166
16806
32997
25703
89958
24832
91341
68348
52168
60194
115203
57958
23839
80590
23309
95425
59499
56899
98457
8860
72021
2934
110858
28850
47693
70718
103789
54429
56216
121161
99149
671
45140
53090
05314
63536
101813
41610
82308
88932
83883
53377
013724
123008
94371
17566
86887
3587
22617
15715
19214
123356
06632
96659
119729
19084
113907
112038
03965
63146
85861
116902
78491
125072
54633
103777
18927
]
Roles[
00138
00175
0066
00177
00173
0045
0052
00140
00133
00170
]
