Classes[
011377
56631
124144
104889
16101
110676
126052
63688
018064
121776
109601
37889
124262
94958
012848
91580
07556
33057
76274
9327
105459
36876
18370
29067
82806
015980
56506
82260
66014
56024
61489
37626
43646
119083
57365
3552
85306
02574
67477
56796
62507
59937
8732
106806
02824
102304
44168
56947
68685
92528
74506
22969
24461
93264
3931
04050
010899
16176
99727
95611
76068
5917
37250
32580
86372
32971
85148
49411
20993
016016
55484
2396
44548
113490
88312
80675
109879
2270
26567
116788
118644
62619
41184
88183
86837
89363
104124
017252
83308
58640
111055
109263
122641
017440
106579
83625
012917
71579
123549
014859
]
Roles[
00142
00141
0047
00104
00100
0048
00115
0024
0054
0049
]
