Classes[
103963
37327
111010
118105
59994
83923
010592
03500
120121
43280
79302
70878
15508
88293
9423
100691
38282
80278
42007
03898
02473
03246
122567
012014
79254
016337
54616
91135
20339
61219
27968
82510
51735
117092
68855
104983
108266
82859
102255
1924
63436
58095
89752
09302
3423
12206
109147
76313
61708
119890
26984
113230
14656
2538
94914
013843
17865
06821
75217
8056
81577
4443
71876
42888
113635
91624
17488
75655
106660
013152
102812
99227
04619
85747
012803
90616
29298
15690
45063
88967
06802
124481
103697
51038
32985
78053
97503
98286
89450
45420
87331
69167
114138
017395
58080
51491
59042
32756
45970
114258
]
Roles[
0053
00168
0041
0027
00169
00178
0028
0072
00100
00140
]
