Classes[
104000
120228
16050
17083
108556
108641
87940
116960
101024
63496
23809
13905
59263
42654
56723
17582
15300
76772
21197
57572
12252
83897
02512
106676
107267
09679
79273
9896
15034
48884
42481
26736
56043
57024
90052
07104
37783
74047
81671
88241
95150
36597
0604
115726
08697
84292
124810
10214
63757
4773
89089
12286
95587
102446
02832
87646
119530
0380
52829
60725
99766
122739
39745
73395
017612
113332
02709
58090
51265
22009
101186
017591
29263
102500
10939
125106
56071
33037
15677
77301
99168
52177
115454
105421
18730
124809
114206
19748
43278
89337
94267
42963
57095
52953
114566
74321
75734
123712
48052
56416
]
Roles[
00105
00174
0054
0029
00108
00125
0050
0024
00172
0048
]
