Classes[
120970
108519
44856
123927
04625
114008
104497
114419
18420
100948
21441
015834
126080
110098
90686
122872
71147
38650
115585
23991
44968
22004
68292
89367
18352
02294
80358
78764
57206
66536
011917
17046
126224
57027
66541
113642
04739
6444
65774
72299
21202
114363
51105
015223
17323
123521
80024
125279
651
58956
017188
9831
74047
012168
111376
108940
36739
01580
89073
32395
100223
84906
92349
23439
21901
116481
11610
103562
01970
53255
017542
73018
25563
014125
44624
69176
52298
03033
05455
122180
94243
36795
6310
21721
010515
3657
11785
12117
13650
79420
3334
118008
94890
52160
62440
010622
103067
85968
6416
019129
]
Roles[
0029
0048
00135
0023
0039
00122
0034
00142
0072
00114
]
