Classes[
56112
125019
97920
88308
37466
19072
52394
84397
123121
45263
9681
117788
16531
102462
75333
116338
27805
96084
4683
66174
44377
0245
20120
49892
16711
117468
017960
82635
12265
119655
95717
63201
78303
12432
38650
81325
79718
06296
70575
17167
016939
14282
111591
120030
58522
72055
59905
77123
118790
04302
14822
5379
7767
38368
542
018441
98151
121276
71463
03066
59403
02021
012327
16551
77419
77991
49810
09431
015493
55713
11232
59085
74017
4561
07125
08251
106436
51009
08695
111367
71929
71501
39202
28838
96095
36591
32596
52887
27832
43592
103590
2241
20486
38239
29895
70711
010524
92570
70644
121965
]
Roles[
00146
00179
0044
00158
0049
00139
00103
00107
00140
00177
]
