Classes[
01214
84795
48370
123711
51579
013574
91422
122654
24612
101308
117433
19955
85974
28954
94526
1433
012660
51991
18634
3164
17292
75864
17719
75583
09233
24014
106869
10880
102865
06390
019209
56773
3100
92049
123036
123080
15588
122872
05754
4764
101852
111849
016637
0230
124181
11439
1398
10715
08733
06594
60491
15520
0207
65618
123526
014507
2765
79629
118784
29648
76020
26717
80256
58208
016113
93737
125933
119584
55171
89489
7559
018578
111409
01908
17451
15671
124076
33069
19779
326
29738
38196
85690
27802
33747
16095
018733
122808
01500
39525
41721
68287
5498
38177
3803
14285
16322
18456
26599
19599
]
Roles[
00100
00104
0088
0024
00126
00163
0072
0039
00165
00174
]
