Classes[
97181
83407
57154
52489
41178
11457
012190
109661
85130
95278
53192
85274
104485
54251
42993
65253
90756
22281
108642
34670
76334
81202
74036
85942
87902
24690
5751
03938
015576
47972
017850
101840
42612
73910
87284
21602
18049
84821
32771
76616
111156
84662
56523
80149
33246
45779
35231
96122
9003
21266
94489
61588
83087
51319
113866
61890
82515
75535
57052
106558
77885
105950
45090
52751
97337
61263
22930
93651
20893
87858
126047
722
5128
10874
67460
51607
109498
121281
17392
3439
122043
53779
19269
68317
85393
112822
01040
60445
122437
32426
89388
124456
107352
23460
87912
18951
15103
014260
0619
80098
]
Roles[
00108
00133
00172
0036
0023
00100
00116
0045
00135
00146
]
