Classes[
99592
99564
49055
5666
07997
95755
76925
06224
120851
06272
03567
65245
3204
92088
0342
40000
016017
101590
125413
83649
85447
57436
07931
05850
122722
0167
124085
98476
116130
47431
26469
32570
111611
6575
71626
76681
10579
123398
51192
44980
64289
11239
3118
06696
113511
101221
010449
15833
99319
123330
012564
12657
63311
79735
86033
94728
40755
02328
37113
22342
5120
2041
86378
38093
107941
9487
44699
119409
117112
37130
106598
117970
48232
2384
26694
02518
90090
24609
018298
108800
35209
922
012889
34551
013754
03226
06279
017754
95515
01137
39938
45246
09638
35117
3379
06745
82301
109510
17013
95693
]
Roles[
00112
00116
00150
0037
0044
0049
00171
00153
00135
00107
]
