Classes[
84116
68370
27146
107947
017403
91169
9295
68385
9405
06521
111026
78634
105301
28187
117062
70836
33570
9022
43538
38661
02471
7069
11960
010459
52417
28066
6317
59316
8200
90646
8052
14882
90975
08034
48934
78713
58288
111657
84754
67004
78446
41515
81008
09289
43933
112090
121190
04531
48182
80778
82585
111227
95031
77339
125637
90477
2442
94409
73192
90529
4383
24217
119551
77828
11450
90822
29600
75781
68350
23644
04482
64960
92399
71556
40972
122376
95922
34689
60268
94387
016344
94339
011929
120106
72031
118477
62778
17299
123709
22139
114327
011213
39963
11188
1698
45688
82428
116684
56394
53013
]
Roles[
0050
0053
00168
00150
0052
00156
00179
00163
00178
00102
]
