Classes[
76165
27358
101935
66624
92039
73831
126227
83126
100334
74680
123774
33211
016052
107819
97490
84358
119199
59779
117348
41821
018941
83236
123218
100532
86972
42539
06553
36736
63526
76644
012747
79246
19333
50643
32945
106204
017517
16830
104570
97554
014232
07444
13189
24860
8928
0843
09296
010365
69003
111318
16056
119807
106851
99605
50873
56768
110611
82410
3059
104952
60881
120751
123840
05000
1754
44010
89285
51135
16020
75928
73122
35031
12651
56638
52721
16667
22066
17890
4232
52032
22872
64023
75403
29466
92205
113216
010017
56949
73994
33574
55161
17802
120155
104293
08863
10782
64406
79685
111067
113619
]
Roles[
00177
0030
0047
00174
00115
0088
0038
00156
00168
0034
]
