Classes[
119483
05418
103197
11810
71019
30024
14354
26277
113465
104689
25379
107258
018849
25994
15367
73254
8745
0911
92650
26458
105317
89929
82572
106630
51521
74365
48281
015191
4592
109310
53819
40195
62967
122368
120303
113570
22364
6681
03423
011926
26142
16500
54431
124549
22511
09837
98261
81306
50338
21421
34896
77625
70701
2052
39637
81179
90228
95166
63859
105567
56528
121321
117466
17760
75703
06389
106569
016431
87754
72322
1006
73320
57545
106667
41547
63877
112042
0284
6118
03341
02919
67370
09544
32773
41371
68659
42009
102577
91174
121843
39391
102974
98518
09472
114648
9582
88414
65801
112037
51871
]
Roles[
00171
00130
0028
00133
00132
00142
0029
0089
00169
00105
]
