Classes[
70538
118952
03906
103075
19097
4190
87108
01449
90436
105356
110004
65736
72324
09975
52067
014988
05721
108180
43854
110197
76596
016639
73183
79326
311
60969
53096
52655
100097
48382
57363
73371
27540
20496
12060
71346
011581
96578
33549
09634
03340
83064
68546
120463
6977
87946
106409
64037
013567
105605
15703
010994
014224
82988
114456
40728
0900
76331
94181
13873
02350
42388
010634
87350
659
82168
97494
121336
01137
35105
87139
100394
108740
23221
08285
93682
89997
93098
25160
119169
20346
8852
24340
7601
105925
111763
76457
105359
18694
117326
64110
17751
16204
01583
97718
26450
69073
08198
87330
4978
]
Roles[
0082
0039
0031
00108
00131
00141
00114
00173
00163
00159
]
