Classes[
05298
117343
94813
013351
2147
86856
08963
120237
86211
111101
99257
75404
1714
17967
39945
86820
07450
58556
80248
96080
8264
107729
018627
29295
101243
3474
017264
61783
53402
14515
06869
11755
014562
106493
99069
91708
24396
08780
86660
102490
29165
08795
77084
03697
29323
017796
57060
100931
39407
101682
03985
93428
50644
52333
96410
51230
43774
60576
70644
85366
2358
013889
103812
22966
10183
102547
16150
118190
52211
018805
118679
94183
44367
57556
89576
2403
105076
59950
104952
3349
47839
05164
011986
45627
67166
49225
3687
27178
017615
44844
106877
81722
01062
64704
71261
103003
59753
37317
86005
60886
]
Roles[
0051
00115
00156
00114
00139
00108
00125
0066
0034
00168
]
