Classes[
47898
44428
09460
106341
120954
15031
013658
37490
95388
116855
21712
92143
112589
013099
95915
04255
42366
04877
21565
11751
90320
65085
2110
26235
23858
012538
75303
77077
010239
014448
38498
44185
88181
01212
09906
114553
37447
018628
96745
58442
112836
115890
82824
7967
91671
77297
94109
26534
63218
125531
50038
21436
17790
14555
21289
104849
22065
7860
87811
64064
86718
89146
119104
60000
65494
94056
01870
51328
72111
54771
85088
121499
01002
124406
50827
114132
109422
28805
97099
14430
16901
04348
35751
62881
27546
107975
17743
88624
109357
57957
90047
88069
102244
25010
19416
12439
06289
41598
110197
017153
]
Roles[
0030
00163
0032
00179
00131
0035
00106
00167
00175
00133
]
