Classes[
06683
277
55886
61626
71331
19719
50937
84273
84962
798
72707
58498
27882
14732
47986
110539
99659
51779
90544
05065
75348
125848
12568
10403
110703
3264
110763
113438
18177
19467
106071
23125
15870
83658
96554
119015
97548
49856
017782
96249
44087
124996
011359
87963
76878
64195
12197
44931
124186
53541
35745
17075
35890
5005
27590
48570
54737
5771
35741
15027
016742
35628
14597
60093
14587
24855
95551
5865
61402
95890
55868
119180
25413
56282
96936
017344
79738
15767
16571
4674
04370
29413
102873
26115
97610
76988
06525
114338
01696
125883
125126
83148
117156
51613
38078
110077
38381
55938
8880
65828
]
Roles[
0047
00141
0066
00177
0082
0088
00102
00171
00137
00159
]
