Classes[
013957
07333
14910
73047
55181
67142
07645
34989
019130
08311
119461
85255
107760
122123
108610
87531
017164
125840
17099
119817
32645
8583
80115
61754
017336
92155
95042
56831
24231
017478
53575
38572
7681
40597
05117
018279
121492
103675
104344
69278
05839
49807
94324
8373
111222
68569
72036
50168
76823
112930
05469
118404
11756
56204
13182
115305
44245
35763
72335
102233
012093
109370
7662
2459
83389
29914
97051
04841
01703
67349
97564
52712
89441
04694
015102
014795
7737
54429
21363
08117
95823
27933
58969
99056
03766
64238
08588
75162
104377
7605
55176
15751
017906
86699
50656
84793
01339
86148
010585
112490
]
Roles[
00113
0048
0088
00108
00173
00160
0042
00174
0072
00145
]
