Classes[
100573
1440
104614
121596
118312
69289
20060
0714
55941
35374
28734
90601
018872
02477
126012
3068
17616
38053
66506
81787
38500
11067
93554
18371
56691
112564
123136
62027
104550
89446
84556
07282
3749
114092
08526
79481
03624
0557
39852
123520
05826
04840
17061
011140
119826
12844
13709
111256
37715
27702
59753
96757
49987
122702
37187
105705
47695
74497
125747
56443
125965
45099
108676
06661
90042
63187
98866
78635
15789
120849
51435
49251
46098
121762
45470
92028
57921
63006
78205
5887
51876
012128
83329
115445
012521
8410
06530
102513
13504
012120
72311
122812
48187
97179
018648
10759
34556
120843
25491
68816
]
Roles[
00155
0031
0044
00156
0066
00103
00165
00172
00178
00169
]
