Classes[
83325
6910
82248
86627
71681
17583
96337
109241
44099
124739
86297
104689
62641
35769
124600
75350
2899
93893
02139
108012
4403
115760
97246
106676
45715
38851
8595
28847
104789
0978
018992
99321
35568
41088
23920
48972
04384
72363
60257
89372
86140
81410
49004
19751
114354
22066
11243
78691
122217
109419
110033
0813
012361
102550
09184
11543
125271
42181
84395
23199
017024
14655
93887
111382
97141
85453
35249
112483
87717
51072
125745
88994
62409
81041
89305
37435
66847
0564
99718
112341
017516
35837
016105
015405
72264
94905
17828
17952
114873
09883
016827
5525
108970
81633
102389
40285
122726
09907
04615
113529
]
Roles[
00135
00145
00132
0049
0066
0048
0024
00172
00100
00106
]
