Classes[
40668
121023
30170
06678
79599
49610
103732
123374
14491
96898
121336
04163
1967
37223
59265
37716
89068
15228
60502
104458
49212
84462
63843
12993
63733
100980
105267
21599
83822
99110
85144
99706
15235
29012
82672
48168
64444
116008
99266
19227
07684
91096
0564
26725
79565
102588
100682
05929
17780
101467
89278
104416
15742
126282
487
77434
111906
99160
13582
03135
62251
119416
89523
101829
88810
87783
117976
28817
1283
0539
91022
09178
112694
90927
61565
11582
99785
08594
112859
2239
88128
59174
75685
72698
108276
51707
70817
96105
81031
102673
51800
8416
77792
21448
114330
09021
03864
16409
010359
105532
]
Roles[
00174
0034
00116
0040
0039
0044
00177
00139
0046
00110
]
