Classes[
04764
03819
118969
8118
79127
63976
4491
116612
97740
41029
24506
0872
015866
86868
107540
017619
85322
74018
74239
50144
012238
69137
4028
3406
99925
76172
09255
014574
12256
110830
115637
122028
109828
76944
10656
125031
64952
114173
71151
17991
102444
14407
95869
36139
23047
08876
59641
32879
91855
52884
109379
53471
21809
74057
57378
77618
06861
06282
49431
57903
34813
59569
98382
93009
19077
37139
110435
03132
100307
17206
119489
105148
77874
38596
108984
49987
109296
67892
117211
6899
89223
018991
0661
109108
11209
36581
44720
55641
94789
7422
58417
102272
80358
104773
16303
10136
80075
05142
115408
77713
]
Roles[
0026
00158
0046
0089
0081
00114
00142
00126
00131
00167
]
