Classes[
19650
48678
44645
02192
2121
81064
62838
017360
52855
75571
016266
1787
89667
48762
27344
103209
90222
13223
26189
89560
45089
20804
90097
121579
109384
56739
70620
108106
39342
015140
92894
120700
23479
111371
73739
82661
0978
33595
36844
54975
59929
46023
0382
13492
86054
61920
71024
016895
87140
64587
95299
16466
52959
12401
11970
91379
115915
71985
117912
102083
79713
21514
4541
82842
87922
53819
103411
77187
84399
015672
107269
80582
80511
39899
7419
42995
17079
44899
72731
16483
012757
8225
011900
7703
14123
109994
112730
122160
104810
123712
100243
06607
38377
61937
11271
90257
13182
80930
51441
120656
]
Roles[
0030
0047
00132
0081
00174
00171
00165
0051
00113
00100
]
