Classes[
37259
18009
2373
107428
73448
28260
107939
5798
42018
43770
65382
117031
48516
97760
90183
120750
40303
63903
57598
27204
9842
7897
91492
57863
08895
13649
72075
06836
7419
28658
33442
23455
35904
72129
8897
76644
47592
2675
100830
07895
116377
67031
013234
34307
4641
59721
6545
73050
106222
53498
94252
68987
06461
65719
112959
21558
19599
015250
105925
1055
112753
116727
42108
66561
107470
04697
111851
95142
25321
22239
25980
84821
29959
24514
07536
017349
116532
28252
27093
20856
48474
10608
5873
97772
115570
87362
121659
12808
88907
0960
59078
29875
02859
121366
92552
99708
87290
36706
19285
92690
]
Roles[
00178
00175
00142
0037
00155
00179
00102
00138
00174
00123
]
