Classes[
95863
5985
07694
106284
32682
10510
64475
23674
92133
109741
42528
28481
82121
122041
010911
0496
21448
107151
4383
38564
05191
18909
76564
53501
35798
89486
67037
012095
28053
117778
100429
38428
45213
02745
124646
119830
5803
70723
122897
014660
58809
05294
49919
63395
33030
24802
45789
84942
113003
103899
79403
42303
019066
19727
42273
05058
05817
7943
78451
117663
110431
51128
119418
011231
29459
84724
83519
74846
68655
011845
90598
34874
111485
53059
93209
17729
17989
93469
119245
111138
86145
35820
42780
4484
121523
55730
35220
78760
015141
018455
07304
108252
83165
19051
010831
03356
49129
122311
22834
43933
]
Roles[
0054
0066
0042
00113
00150
00153
00145
0089
0024
0031
]
