Classes[
60847
5609
104698
90328
37481
58155
61593
71235
70481
106520
10904
015891
80061
5446
91646
019039
84540
22931
104683
102582
125202
114035
78065
36556
23857
88693
120969
104891
20676
74334
07115
105310
44887
86128
111625
56854
016036
73420
011624
012176
80932
016912
011652
96064
51293
74375
99501
58893
72182
73830
017776
014348
62509
018255
1609
11394
88769
87488
93062
82993
20259
85156
81889
46031
17850
44338
120956
103981
9720
35850
05201
42304
71054
120372
53527
869
2850
56561
28905
5352
121996
22733
93382
67565
82768
93345
63813
102886
40254
73133
98176
68263
97992
41188
111806
64784
70492
56672
79231
13827
]
Roles[
0030
00153
00139
0024
0066
0027
0026
0041
00171
0036
]
