Classes[
0600
80081
35287
80911
78124
39257
95614
84975
125609
77679
37916
223
126044
120435
4278
52409
014315
68774
111875
66100
2368
71671
49002
56822
97685
109067
6186
03019
115060
115909
118929
117021
08248
66919
21230
06888
12671
60597
01819
47669
81572
70532
117335
018858
22882
36450
23613
3523
22927
14703
4265
39413
013221
73220
16493
63298
5279
62928
58441
32242
124572
51513
26476
88182
50600
24486
78535
0429
33482
01034
51495
103894
11782
87502
104879
54428
52098
29212
019134
89478
5360
120955
53957
011504
018433
27929
45722
11642
13790
51275
77629
54589
017203
109196
56616
76184
64406
43729
18559
105606
]
Roles[
00105
0024
00126
00103
00155
00113
00137
0030
00158
00150
]
