Classes[
37427
94057
115736
010883
117173
112026
102064
39891
810
92360
60937
91957
53706
87017
01475
015128
9417
110496
103768
47962
012335
89917
914
39341
14833
125236
99849
106159
36127
42896
73575
33817
94675
67154
44718
124023
73590
37650
102265
0177
83241
65097
07927
61642
96007
125368
02191
41930
15398
5883
55513
05437
97194
94071
013123
017061
62173
6942
20256
109398
011995
012321
26744
017972
014450
64973
112644
27719
82018
43841
92256
35159
4063
05586
018097
112809
78823
15648
54979
123898
104012
24345
48726
90971
10252
8359
110752
011815
67333
105665
66971
10474
14349
86059
22111
53515
120759
76568
013394
82570
]
Roles[
00156
00114
0045
00177
00130
00108
00158
0036
0049
0039
]
